1000 1000
975 636 39566157 383014029
786 975 85546129 887585829
598 786 32249683 227466841
193 636 37005133 961680706
505 636 93285987 421828481
640 505 89610048 95613430
83 193 85634348 73827091
394 193 6842111 238964594
279 640 64992369 378190523
772 193 99790402 754639102
823 505 38217967 374000650
971 505 21709546 305077608
617 640 15772302 52678917
485 640 95008335 367871407
106 975 60828108 582094833
860 640 80827342 415437040
565 193 34496869 540061276
674 598 36946322 25667984
695 823 49098310 471221103
454 394 81151394 105506730
432 860 7798452 701748594
283 786 7585579 240940219
830 106 44322488 431132319
483 786 95322895 461751435
425 106 91638477 215069996
887 640 48628909 139300702
890 860 83514828 826585746
440 283 52564977 157956443
1000 283 70789910 609269282
437 565 93608863 5264188
997 975 67023619 416005834
690 440 79944667 215851062
572 1000 98946955 66997796
840 695 65918204 741035306
344 572 50907698 273225407
129 394 87971218 309871885
469 425 31683896 802561969
331 890 15816373 238571157
87 572 56932353 327239516
136 640 48912528 574807844
168 890 29811906 500372352
196 840 81444908 622939897
721 425 90741869 330837121
294 572 24775553 326785684
324 168 87334621 666798585
335 87 47154361 597892457
673 324 10266437 964060801
852 505 45390022 139227593
662 324 55601109 116000443
22 437 72701223 810410508
79 106 17305518 776216483
691 640 73115639 832050946
401 721 39410184 32284182
28 79 15149622 759263132
723 394 99542177 778969506
238 674 54860891 447819222
620 196 63807592 208282768
26 695 62802713 133260519
367 401 59049834 583088943
737 294 55037296 25119403
603 505 90986492 818567266
968 26 89027831 283254352
864 136 23045161 38597996
613 772 23374439 474611263
153 193 50331741 704553722
347 690 38700907 459994957
25 26 45674579 8867697
479 324 49129127 694623010
821 401 7636795 121853049
858 673 71504134 628415464
99 620 87079727 689276361
343 485 70856519 789353272
127 432 32431832 30974260
776 483 90752458 121252417
490 193 5147995 92001268
819 572 77771927 84332345
274 505 35545993 80634165
548 274 12389039 722002952
893 695 29083207 854314468
249 840 83096726 202510898
792 858 36071739 51969977
443 662 78644768 218017797
973 401 72083383 33567618
375 28 98830971 832594692
353 1000 14887146 593903282
909 860 52928124 47033234
380 99 99678788 68407337
262 852 77510190 999409122
370 26 71420457 936025668
995 975 23219352 192416797
951 620 84627929 621010983
292 890 97938125 469452245
881 99 50550431 187111497
104 367 65338426 655528105
847 136 64793656 217040449
848 505 64063274 216157753
47 193 15167109 21578192
77 168 93557405 914703181
589 367 71613812 167317806
522 294 1704522 872371264
427 565 94196011 172799128
902 613 66152178 591923889
131 168 82613623 33837337
701 840 47129574 242995308
398 1000 76053363 608970903
915 28 51614427 254184342
722 690 18221691 745880865
713 344 69707756 615778327
558 437 93790291 221357432
68 427 8138479 201153100
392 909 57988243 334768347
629 819 2608381 99985133
284 196 65798997 47342614
740 129 65432891 461044795
528 127 84389921 539642317
421 79 34028270 205564014
497 640 28109592 374470660
899 617 72552638 920697181
492 497 46102368 662916338
155 713 53719113 671551855
405 674 12347343 231942407
720 104 1031146 516013505
502 405 91736282 149699643
913 343 65109450 871201176
255 284 25083839 910746776
280 695 8410408 851643144
974 68 1520880 227849225
979 617 79181285 277374181
508 283 73110722 59727717
251 262 35976530 291191273
955 280 41901655 313452726
843 997 89904701 136375591
199 737 53685449 64126670
455 370 45962809 66601391
198 690 39343767 992803852
917 440 62849069 980433794
410 370 53281364 557642346
802 915 3692319 415648696
269 440 56086413 696558282
205 995 79094081 274911727
12 847 58695162 331965826
360 968 41035835 106987766
554 99 53385960 23992869
891 25 23346107 936780985
983 360 45400549 485960339
712 367 80608826 67609967
504 636 14554029 832728386
911 881 38940432 660243458
369 504 83717972 824799950
693 155 14861755 291203518
789 913 3033525 94145215
577 292 63208554 703747389
782 603 21345818 761531289
780 565 78052304 766440082
151 251 74876460 62906409
445 153 77116711 852499636
159 454 32108828 353266702
7 915 67062402 64106028
229 284 84234770 958136709
257 598 56462166 958093058
525 22 45641941 397382265
914 508 8170571 533439460
456 26 11568827 253872842
220 479 94857023 464200343
734 525 85381843 515092956
475 443 67767451 305483683
326 782 16454737 292493666
152 456 40052442 214513977
563 198 67349817 589672300
166 331 23469398 536380263
986 159 55527503 32519599
414 740 47521877 99760511
612 577 63644478 192213011
855 279 28474451 974330052
593 229 82277126 3802242
171 830 1454480 60014678
417 168 38573994 288421358
732 843 8668636 28944480
708 819 33566490 61742755
329 662 15622050 147706495
491 589 75527006 785173967
627 525 5261619 974966132
27 326 98002179 725662799
122 780 49008723 724702733
177 68 96417226 358436027
643 951 72918793 69165904
36 104 65568399 422560947
749 152 70351010 646241257
486 974 73583990 710385003
356 723 27098630 169892565
226 238 48379740 610611572
607 455 73043263 947648848
609 847 64836477 223714764
838 772 10562887 901220859
854 620 46307937 406004264
317 830 8317968 75428177
278 257 51609099 634457216
998 369 30350297 319686475
364 776 57272676 564952028
868 593 16275119 63775825
916 640 37023460 954631773
246 786 45476160 10357604
70 196 16410243 157683342
993 830 985832 591596425
715 427 31556831 118772716
460 153 24603893 653599352
64 326 74775213 892897970
105 425 35030845 722398853
937 70 19580516 838502121
921 662 97155554 946974158
117 199 28112680 838682288
770 998 50498659 377073829
736 159 34369780 706537416
785 193 58365414 956642623
634 673 69101835 89052258
582 734 90873284 900143262
941 425 72188064 614347564
55 251 67444821 233965755
232 375 32153795 122349208
824 155 39119613 21977592
898 848 88158606 419800943
424 380 63661430 361607620
396 232 66287504 72386198
295 28 42916448 545841295
354 708 99788410 117170719
568 937 11591174 117355760
705 410 48698887 650287506
48 568 63898481 947590676
542 483 25320240 67833212
862 380 64350130 436085609
888 1000 20851088 683882041
467 620 39779947 741031819
726 485 39376405 291495422
901 28 98744990 915897454
40 888 28101864 234408489
496 732 81044154 641029324
493 542 69557917 965238732
201 25 73042915 753295057
564 454 71622814 625545078
438 27 53994368 270951429
731 720 78375892 909448260
341 380 56758282 886737529
506 901 69117847 312463911
884 848 93141267 373259061
38 695 27933912 502849399
489 890 78222740 905261536
575 643 17538700 547784120
371 821 79185019 858874288
174 131 72950619 436684204
143 838 32782708 386440084
162 486 32279689 445360793
321 255 93489911 65053087
541 367 30274851 603453658
801 455 88780434 368710584
138 612 52144238 767460267
261 329 17059191 589521279
305 437 8831628 193082928
895 701 90387784 662777218
747 205 36852335 330308551
391 70 53355041 226561440
363 740 21388291 71398288
944 138 42227430 518378684
408 369 3098006 60070713
340 171 95651534 217338278
222 572 40657034 997252365
69 12 70355503 499330885
863 105 90336574 740355391
857 862 66175116 749232649
212 398 500793 900735603
924 986 54264796 197545616
501 48 55482520 894186893
128 522 30216987 884675990
30 720 41737657 884937917
507 64 8827414 376320290
95 196 90685480 168826314
866 593 56233586 771575533
197 723 13212361 624989086
602 326 53319678 952898582
808 432 60213574 707314450
195 887 20021306 766522883
225 55 33396923 343460603
258 335 98230311 188880026
815 28 34320543 64187252
298 913 6674768 692601249
252 363 38680310 772653165
750 7 25114392 457580913
985 830 25765300 361655156
588 864 9430598 304779489
571 201 34638195 29896898
728 454 36812493 186530929
524 391 60831832 400315272
646 860 84040416 963646645
315 251 12831810 290667898
71 715 47071797 967052292
680 440 36775989 788512156
452 843 32185496 442210
817 375 96648453 637168204
107 1000 10532788 839007402
312 205 40030789 616493712
900 392 45486108 880558079
604 269 31543922 778857121
930 588 11822752 594915955
925 343 67129691 706797495
18 486 19876046 984430584
827 136 47138003 611958550
248 199 37793477 554502791
810 603 16355481 556751960
285 893 15604801 596936847
263 79 31667335 987013884
214 475 61382115 694840480
242 195 72041722 783630127
638 497 30088640 251959896
66 421 51462784 315771353
328 792 34939949 914271373
303 921 69730760 335561707
519 866 9868745 989933755
797 168 67784389 975695079
276 438 84660170 357612463
132 40 1369636 278937775
216 380 97168011 528434036
961 257 61931248 816752786
707 705 56157526 95873661
2 750 38879107 203795347
420 152 74002030 304621588
13 68 35716527 908143100
192 528 98958432 572127746
385 229 17858605 132476963
716 315 34433674 840207231
73 603 73631813 534490234
742 278 58938347 255098203
559 830 3275198 414389469
552 475 23680813 462535533
362 884 85605896 916244247
80 838 73706479 869501756
920 489 62903207 682078388
665 646 21101655 601669612
580 127 95129058 474221070
355 64 43683287 949436266
53 840 53940396 14430354
426 47 31455039 484820187
511 331 40357330 966093906
933 197 17187075 263130177
125 117 17407590 455863503
869 511 62849742 554586990
954 278 88163947 871598343
956 131 24693062 77519917
183 901 33110209 5817533
550 305 2510112 652925870
179 864 30109266 723922184
103 713 42560103 335184691
883 103 51223421 332678686
818 913 68070665 486608376
658 66 59673794 58354274
348 695 38217122 187301991
472 424 73475758 695062186
407 371 4334476 227083388
631 589 15511817 495695829
65 407 33427750 807800693
963 305 79075646 186959245
46 900 3208035 170736829
37 506 74841098 401934936
383 525 13182614 825854490
91 166 16789608 148754148
397 563 89866620 533225750
206 391 96037819 18908819
237 255 35985546 482417066
585 104 57287485 901811013
241 789 37489272 304702001
358 26 49375655 318680165
800 347 84767501 552351883
204 127 26980129 838294838
814 636 5773356 533684367
837 341 6904427 476122718
108 424 72235039 326828982
182 895 23742796 13743283
970 915 87560226 229434885
835 496 15178043 918359876
194 860 86191154 25287739
8 305 29589580 210626218
275 864 68408087 988147515
243 638 79998812 65597329
972 28 58393007 119789755
619 848 37062015 873102977
630 930 99243133 16087854
539 732 59974313 870066928
892 634 88349041 794363630
384 887 56572571 143927181
844 780 19310584 24356525
907 153 88381713 309470661
56 73 44264007 464157981
672 201 16335145 362680474
608 860 70978531 36665309
476 197 92881173 489106084
513 782 39218036 871512999
433 602 6828547 371120999
683 720 22489035 520093111
931 95 33209164 551106519
927 22 358704 505306750
330 519 32977884 910955049
51 225 67234544 124949383
664 713 62946273 529112284
245 646 34847526 38917288
517 375 69545398 492858630
109 122 25116361 305297517
463 750 62108945 41885154
147 131 41204726 18078145
422 887 55464555 62692761
834 414 31457406 515938014
595 22 19778992 974070609
938 364 1215666 419931510
62 909 53867047 917317235
244 162 28160878 617764897
687 375 82491555 659514176
170 972 33493859 51450633
474 355 57475307 639806614
926 460 4710057 269254100
16 25 58086758 904045311
293 394 70089348 639813330
515 38 64491274 578314490
281 493 73799540 600263527
935 440 79762821 68823181
650 397 40814979 15362490
576 737 36207020 607282186
161 937 38622667 650968990
760 604 57211429 508621856
15 810 61011525 322808512
141 920 36304464 22361382
265 358 36913624 387489298
543 490 56794746 145107363
494 844 62993825 399088246
535 30 56909636 791226400
675 99 66482047 630786222
562 77 47054928 952373809
846 77 52128482 326621827
478 917 78917933 200780481
704 728 38923988 971925812
484 358 73658500 429823901
333 797 1887560 858357025
316 691 13713540 818666051
272 704 37538721 42934455
581 427 47320714 19792364
987 961 40918917 386986142
653 589 37298708 187918551
649 46 91901411 848249633
190 421 39513320 406451927
189 205 53699650 712208605
239 973 47842175 56756511
29 653 35383371 156568748
966 65 59894199 201978700
841 742 15021209 57133267
33 401 89117113 268101043
820 975 11975872 174321515
158 737 25753639 808672492
415 303 69315739 177693709
545 854 60824714 331354782
655 680 91159513 58249409
950 920 7953146 710053260
615 603 18093514 721203239
378 53 5180941 727848671
633 394 85360485 636620518
939 331 63422213 191294133
547 2 77974941 161795668
684 619 33036341 87617515
290 478 7070950 779925095
140 938 28479156 898564902
579 425 84088065 91100379
59 26 89135685 647831847
657 937 33720079 21530020
667 232 72353413 164592720
157 324 69027797 53483158
700 883 89165142 34602865
314 562 85492299 902276690
958 29 85175434 499830743
510 579 34533227 662517363
928 571 74549971 989792406
748 513 80162360 301833465
879 314 16004330 965269781
419 280 41603596 442086645
809 425 33010685 863581403
400 263 5222182 978028150
781 513 86843230 489730712
981 802 39262578 990369202
256 356 85546346 167469175
696 750 15098010 724127608
339 770 51856310 248406946
520 580 12921422 499154645
758 104 23016320 556281620
430 251 76917455 545323012
428 834 758356 806182310
403 226 60787393 923690139
217 460 50177788 354777940
178 837 35678770 158162163
656 879 60250030 469486031
482 1000 36469989 328121047
110 28 80776816 29327944
481 40 45178595 66965873
626 55 70916558 214607482
677 1000 67771460 397424240
386 721 23771326 909155065
798 541 11526457 552700030
784 400 78364883 160183481
325 636 94093149 125034208
829 410 30476448 852748257
943 928 18381117 796577390
544 993 4856943 469054929
462 696 27051045 371994550
759 272 97009698 384901232
897 37 29302060 285020779
191 80 40083049 236714171
681 797 35493505 44318739
832 474 48392485 410539146
320 243 65203959 349126640
404 815 44849690 808990628
948 298 69331150 551777838
450 899 66922460 693746694
942 428 27340484 469264462
945 758 94169331 644171119
960 933 17867100 769701074
72 125 18657103 692718639
58 705 7140972 82983977
477 747 75781107 46416176
711 956 76107245 324215004
805 195 97516765 528391492
661 951 13830397 527029497
327 802 96356659 222614960
338 626 71435832 896000192
532 246 51568308 13866489
509 961 193336 670813836
702 410 74886493 357954286
45 129 24496490 773646339
342 293 90637401 596812534
999 728 58768659 200847488
334 77 69944110 867508122
822 509 18086049 352569536
624 58 80773669 25976405
416 232 63376950 891496396
457 677 93770233 371672218
877 454 52770161 251581734
896 317 73052355 266930982
390 246 33726079 493719606
762 129 76853541 953320584
845 928 84319074 637767926
587 837 18802869 584643821
121 662 55545984 717213148
67 633 29167532 738138415
423 720 47504750 685339399
922 67 88308943 653697824
697 497 77347069 313554605
807 715 78194844 567804179
288 545 40951429 316176068
240 128 54251448 688307372
357 66 3867505 105466863
648 543 88673432 69860585
990 998 40569099 1094571
63 624 10143086 189658991
299 944 35148168 633766841
97 958 78933334 304209177
389 257 73942102 252674253
120 972 91153345 122916285
5 334 7034277 12327032
775 120 4119329 101785409
768 508 38660915 211063379
923 129 13273813 933364702
89 168 25050459 64562284
388 354 41069654 53107634
806 585 66248800 257601269
76 581 15103138 696532364
813 27 63444470 815806250
409 240 97269224 188842739
965 305 77810193 500490115
300 232 34099573 919069559
779 747 29661681 87016218
235 532 28143327 15933755
788 300 73753454 25668190
1 684 53526383 662411459
154 478 27160192 771556601
231 467 71905235 392605178
318 182 79239441 650827006
826 251 89107459 464617606
41 938 61841413 623998806
365 16 13773171 201839951
689 542 80991370 75953516
313 206 51998330 27380044
116 734 52214429 509955094
556 117 5847554 273439121
23 785 41318108 200725446
311 824 87987569 963855510
146 846 4335762 979711474
271 313 78316758 30942408
441 568 24462080 543628224
659 588 3419991 49018965
254 363 84991464 49218038
952 602 85425370 903651891
803 26 84098911 385343008
234 802 25718514 457197681
676 588 23055571 779288834
61 262 48701707 315344834
487 222 5842010 46012479
632 740 71394521 617323078
111 563 24661053 735232330
114 48 2627837 438581147
118 469 36436164 781010829
765 354 74783993 13711907
84 242 37838147 908236760
499 950 85249109 9605527
861 674 52811877 548075276
766 559 3538194 457212620
165 256 94005687 812153351
169 629 94542159 424545475
202 798 54198391 244802769
268 45 24414265 7012087
698 691 35725469 156968712
126 370 52631863 265470178
727 749 94851114 449585544
641 507 18467670 583869136
745 603 79186352 656810335
227 966 30439153 296126440
644 467 80997409 1358831
994 950 67770021 718208887
867 655 84275164 455407716
611 398 80472692 35150207
793 997 66548980 156103256
221 963 55369015 873824895
521 506 90373315 497312197
790 827 56211273 462959236
628 340 45306543 287683626
465 116 25286000 390871920
699 388 76064058 296067840
735 428 34335246 494469768
566 667 35849808 165540703
500 995 3534217 4400963
259 582 37376716 278579947
778 472 7749111 28240210
39 7 47415115 218711557
647 948 26527245 834045930
669 162 41999156 42725679
764 331 50031177 982565977
906 170 59651079 860673982
853 513 78024542 319272392
623 474 7027173 601883078
574 292 76703200 949357644
277 814 25354080 874425154
976 562 33631024 771852595
666 317 16981124 353272451
82 420 30836648 941228684
470 216 2507557 227093466
769 343 75727370 915946999
323 384 91093354 443314312
6 67 55085862 387526319
763 430 20526745 870715110
686 249 1970378 4219604
173 72 5928228 635770832
679 742 55705070 854699005
135 750 80708852 161678678
871 864 77081120 68650237
850 855 21113333 240580261
592 931 43254572 237258484
297 251 69794274 520011058
839 494 46014224 346482585
825 18 49308753 324118312
706 838 28737822 41427142
224 822 23467265 969552659
730 844 75775602 463025476
287 274 81476194 685185230
516 452 21165206 549576408
185 672 92430180 623399850
703 679 57671027 126339469
959 745 15292036 186358239
989 891 87495291 446190659
163 559 17028116 156101942
402 398 75640852 61961335
767 950 80216523 440742135
3 465 39966022 471712596
85 855 34886028 188870928
94 321 71788456 492227066
260 284 86768506 43023495
160 69 21438855 800954638
50 909 39566651 882705698
345 920 56671064 897382274
52 135 14972811 303537748
962 380 82988896 260322469
381 251 62614788 592110953
549 423 1050273 984115565
332 120 32144172 411476212
413 196 63721478 48182530
373 902 84302271 21501304
692 634 35655378 715145358
618 125 7294526 921105750
601 565 84092997 73373252
376 974 41992632 73622006
651 174 85250448 472815534
337 708 66069719 961997369
124 240 52080635 796401467
208 785 20260397 905818653
412 64 63099476 283056392
436 335 73567679 510209969
184 866 93295515 909942509
606 647 90215633 46803260
729 727 25927914 247358411
596 36 15267828 719478952
17 647 25825449 522451476
527 432 10616141 311302196
752 491 84249586 35406234
74 261 90743848 91708505
399 389 16340802 180717724
870 313 88283068 668974844
725 347 78353761 659172365
910 832 15553087 445706197
880 398 39278739 27116327
739 659 99779885 132668958
903 516 30915839 12638255
743 338 9651156 134762368
982 527 6753119 164053130
207 104 68050211 706910266
537 279 17424104 988171776
969 358 67626675 283762834
145 661 48600443 79758159
134 680 57704214 807117696
561 544 87397901 432077299
167 397 94432351 422793881
446 183 5471316 355178291
621 772 9543153 624085817
783 923 3258034 382031471
551 241 12772491 697600243
310 256 82614886 210370216
213 460 40907924 106447165
799 672 82373872 143593295
904 17 19728547 993023062
459 643 32606660 553644114
119 216 48745553 298827643
387 693 99606835 943403364
395 721 15106627 190446667
264 68 29961877 722723980
919 705 41913969 518912374
4 903 76182458 53075952
346 844 26375612 928422060
88 561 74856083 728658658
590 623 48884655 37622725
156 436 82099484 79419947
92 68 31978644 538917676
20 543 57309324 412712855
458 881 18753210 524953488
113 640 31191487 135581888
203 332 23358468 371058893
685 436 55837923 885143838
733 999 39672757 72204312
137 910 61586273 31066959
270 659 27708538 216916841
670 880 96274958 729245091
431 74 92049848 905900077
142 705 73051282 301161962
233 809 91253270 387793708
882 527 97312535 929562753
435 507 83069006 88957368
816 676 97285942 222949018
936 602 65279024 703356951
296 367 14319134 271034315
180 329 63201270 314208561
149 950 8612357 260655834
812 194 10407119 688655229
319 94 63358163 535484870
872 355 86754213 504909608
663 145 83936780 350145816
175 30 98519345 979507590
540 617 1863166 21463659
42 713 70402113 508326334
668 77 39367468 465130041
932 147 64216391 566409905
977 390 47653113 83253480
411 408 22245157 554489386
625 175 48718232 244006676
468 769 80285239 615982412
218 826 11661874 66470686
150 701 90238114 849580599
639 527 79729753 898094580
351 131 41212123 909643516
75 500 70364588 525714722
488 624 64529274 229324227
10 140 59725771 811883545
453 433 64642623 712177210
447 12 3339902 165767870
796 72 20296037 315685952
11 243 49052704 941100853
953 561 43305509 847526866
710 232 7652432 32786671
464 423 83953549 143871540
967 255 75245018 681372401
865 604 62498435 540806243
448 499 4219107 355596646
622 568 75659284 587403963
557 763 6101075 313343592
988 549 25324289 836606436
688 680 93983879 299770378
406 193 85990283 327405826
594 728 99743031 361206184
947 151 86202494 635151644
946 925 32793252 77562482
236 528 71190139 545890763
100 824 19910918 11230006
978 814 18290826 379377447
219 619 56211253 44304237
480 708 98060511 89944302
512 56 7048085 33438601
439 792 67858410 507013877
304 868 27805766 560294524
429 500 49906085 433327828
230 127 9293196 26559628
531 997 63958553 37234380
377 421 79726971 945867605
912 781 19070258 35426811
372 66 1078759 124042014
538 572 93761732 660121028
787 40 50695563 316629344
831 487 59770589 645007480
54 207 56144759 286191763
741 931 80573772 222851400
856 242 52770494 732997436
102 948 49110897 853834094
996 261 60609632 832378419
751 590 1485382 308669081
336 628 20002421 378016312
828 346 29684141 521352858
905 618 2337179 517708985
610 464 7477499 65616461
908 548 74935969 901369820
188 342 91380677 39302089
894 487 52221811 186063315
186 589 14448874 463883210
804 952 98288712 939250528
744 711 56340449 361130589
209 752 5740810 115309990
534 295 39510852 130237133
600 185 6413573 505852722
569 116 81655707 51113166
32 615 96392403 717559880
918 295 86421869 578947304
164 983 68064903 150328946
761 231 91410308 213634597
90 683 63306264 152891206
115 281 50456959 872240381
301 475 2788111 247755383
660 334 64149918 31843201
86 225 33059700 666592031
349 894 19736776 562052806
466 841 13744117 424761418
719 636 64721376 818058644
774 987 76924503 28812485
266 632 1122633 692672591
247 749 6927906 192746024
418 548 99858871 673188901
57 923 13708679 288127776
282 120 21181752 642291577
9 911 39920276 789205250
495 988 92536449 248130958
228 633 61705115 552884365
451 527 10362237 467636087
473 460 14713823 710748670
642 206 84706834 155471421
876 168 62231168 644661337
471 947 77664054 161643089
518 915 89711785 44128757
940 722 48511794 220359733
449 566 69156087 590707785
694 406 68126517 118952550
307 338 93514027 193959157
96 251 89115931 13398156
533 579 98171155 250552851
187 129 69652094 661994468
530 392 5457845 555896767
873 108 50422270 591053036
553 761 27015101 150890724
714 769 75162828 627539536
24 719 16556585 291479880
366 432 28800636 1922836
44 574 71162930 306695898
709 132 5482508 382258691
123 661 73385852 269983291
273 437 78668847 295855191
555 505 25909121 250777226
573 396 87420382 677881256
597 466 33756730 406438003
514 611 20660768 740781850
133 774 79340303 271148153
382 514 44900377 566521793
929 765 10369281 429446274
98 911 89556817 436766807
645 948 85312789 634823844
374 198 76943173 818954274
19 579 37478659 782808879
584 189 84637491 22608671
560 428 8741919 946348026
874 450 12108065 34902898
211 50 35148167 440427250
754 330 59701038 926746642
849 458 98117517 713906655
49 694 28824349 108501679
368 800 23395686 223890808
614 995 99540767 531408615
637 62 25527828 49745322
379 806 83014623 49381545
578 864 28632208 885658915
616 772 46918867 355473384
523 439 96393276 504988709
934 909 23226304 274089860
738 367 87346311 252968585
886 384 73843854 413320564
724 938 89028321 669661457
586 270 55702606 621944888
308 932 52473825 168968691
31 187 55893641 150009214
93 232 33212084 497045665
794 698 32531658 209931794
361 153 60132808 684107997
101 826 85350765 584665867
14 407 44058809 393534717
652 226 37841321 716771379
461 662 35989883 823360378
172 156 61616603 145594294
885 103 37642952 442725311
148 762 86973973 137747214
991 885 78020812 561823279
878 133 99212263 303103278
322 224 12546575 837391223
753 470 38477419 632152556
757 825 99636386 787037973
78 338 65083286 599252660
112 574 91214989 298277161
836 825 35497917 398848106
302 886 43730551 174158714
286 807 2691685 254321311
291 225 33493142 69385163
771 935 60087631 718738423
980 782 36700889 785327455
139 697 37731523 981287897
444 55 51654227 89117641
791 951 16586524 246060377
81 444 70874859 918515961
957 386 49504660 270545762
35 881 49732161 696458372
267 103 85729872 171786791
503 29 58133731 975213106
591 55 66174382 915278283
352 76 18416048 849300941
306 545 71375565 930842190
964 874 49688203 872612391
350 160 78326621 269912250
746 70 5113156 804106092
851 136 97059241 117921166
526 609 10662338 811197609
223 980 60314593 43674730
21 91 46094453 192575645
498 662 30902956 200336636
583 450 7985147 28853695
250 9 47099885 122424618
671 351 5132304 600946063
60 920 66773973 259830912
130 8 85102267 58383648
605 311 24139049 40947931
795 196 57601973 767818981
717 9 91706580 752969814
309 311 34241821 160030140
635 469 77668271 589294708
859 958 61534297 505541944
210 428 92725902 889582223
434 695 65893455 437239602
992 598 21677199 184644992
536 519 41222341 461351569
570 822 19168158 440667279
833 371 33456148 390274904
756 594 21637196 41286045
599 74 53139731 938587121
755 61 47718865 606634127
200 434 39575106 857972153
842 599 63758942 442180093
811 402 85310773 852535499
718 739 97147816 724681498
43 743 3040579 282084112
442 855 47197105 398414054
889 944 70414192 41248390
253 268 61496024 479091858
567 191 12605079 843902672
777 635 263971 263083827
144 310 48793563 637216254
215 246 14774731 98607787
875 788 40903758 775722142
289 397 10081800 216671187
682 652 54775266 56956674
393 762 17661469 687686124
176 398 56420496 765872595
546 164 38334375 592019271
949 425 22093767 862062549
34 747 58827554 396957491
529 356 90085144 833823484
181 639 66813884 259116327
678 211 38358302 386139824
359 487 88216669 391993648
773 585 15388338 560783708
984 284 55587318 513580444
654 17 71700303 495557436
246 168 308272231 452206441
