1000 999
404 146 29721410 352842820
634 404 83570851 733051847
197 634 54820507 858788349
723 634 39462263 658534757
476 197 74592542 635233552
24 197 31492871 437404986
561 197 30167947 113449001
923 476 89180171 212702095
135 146 21617571 119388633
132 923 91725156 903359538
493 404 50002507 686380325
164 24 11423082 203725090
839 561 50879489 205656402
358 723 14630266 648104572
620 358 86290820 249783534
374 723 40405439 983864229
556 723 72398270 465774626
862 146 69532224 616392120
46 556 39953396 684921398
884 839 9185578 180253489
873 884 84272433 14478948
616 24 54087775 82684123
364 620 49948911 394138593
950 135 79383614 475277302
491 197 37705991 88861993
669 476 17371827 203926956
812 862 62887643 705305226
763 950 83223938 341545910
970 634 16208321 319814643
831 884 63950543 189814346
111 763 94202801 599764478
810 620 95307505 16875847
166 812 37544498 506086970
700 812 50377592 50296483
518 763 35113345 164190909
975 873 11970940 728606739
403 46 11640835 375300329
427 518 74001960 255774204
1 700 55653100 955461502
15 374 96436869 863742361
676 839 27040560 552775648
445 561 42907787 457920621
817 132 64179370 57412265
150 46 5292900 461547244
61 950 29867658 443407218
203 676 11809282 491929700
356 150 68747524 377763805
280 561 97118436 504516656
517 493 57369654 542709222
847 61 41856293 439588896
361 15 14800985 678321514
973 166 27538373 826998818
612 847 6517802 587198711
38 518 78518075 826360629
28 923 10415515 771668438
313 15 57355066 379575695
946 476 41288373 60078422
683 403 32381634 805251085
198 975 26974160 409678170
127 358 11012970 848678106
779 24 76829686 536387109
180 427 4483051 769884515
91 970 34506388 453847908
17 427 27178224 746795385
807 15 50416482 678122108
796 38 56348957 806750151
155 403 55643028 958316565
335 403 69192029 374505335
471 38 10154817 626738918
536 796 25259119 355527455
71 518 47878674 461092290
248 198 60188339 473734385
929 700 97060399 119430371
702 946 46637105 150969378
10 669 57588838 778292853
51 476 41158634 16075162
138 763 54592413 592160357
729 164 11039586 4220382
573 335 65703289 120972651
965 155 52894573 124457529
828 403 5269839 48357717
450 313 50515001 13143345
871 810 36162890 305519765
31 135 5045659 645873192
725 871 76427485 504200974
362 873 42417822 390724689
107 362 82651243 138893850
549 313 36702025 751752406
133 358 50046517 567944670
868 180 90534575 386426950
475 91 33077123 749786577
530 164 96182845 779001156
129 810 25859861 637782666
798 361 71149118 161746541
848 91 64684236 316339914
390 616 96386482 541469065
333 10 97044372 749355977
78 669 56354128 685140981
137 361 89428116 739229892
199 700 67989721 70458960
891 729 76737176 263317958
482 848 7301790 96960868
183 620 83754942 490475957
230 390 78241620 47253078
883 38 94655071 981449632
58 71 18245910 20599313
832 111 63745855 481226568
355 150 10155450 254582767
874 965 18345464 733730028
452 150 94822233 827060136
257 807 62113956 400008280
89 15 65906200 982467200
969 536 65864137 57960752
901 556 71370300 288096172
595 556 24243081 554249848
342 28 93273453 305806852
21 71 21433097 55181671
332 445 15042633 552032494
117 975 17141025 624425837
526 58 36125995 717276809
768 831 42984005 43033985
509 280 1799740 253893401
325 768 9347763 700085936
501 873 50697659 935781811
381 203 25001438 974160866
391 683 88668041 275927592
797 10 16844825 302540526
686 17 29515511 734247990
993 362 16960903 63374561
192 450 94633171 52404204
543 700 25083457 763173770
855 146 28340912 532714334
744 390 33488585 843242569
550 475 57632629 451163529
204 975 55853998 219507224
426 550 16385320 51953288
758 493 19689856 469206745
267 230 9921531 346791160
291 812 5405174 556694498
249 929 18982038 322456744
687 155 51273053 413010374
931 111 56123559 844386949
395 812 37273411 524905317
731 38 36245671 459180483
79 28 20739684 183449653
389 374 17040366 47375439
756 1 57227221 801681874
226 362 80609530 12715637
263 476 53435502 845596868
402 700 49920762 402267597
754 192 22417020 598795407
141 855 37375649 12247402
330 58 14635175 83999488
978 526 60582697 103624005
722 91 94533664 845660854
32 634 49732516 511559399
33 543 46520591 285183214
326 452 97257098 338518357
938 839 12533051 64702611
863 518 68810368 48017984
715 332 38971387 648200324
719 330 52313445 886202477
728 445 35496540 675729192
487 973 85917090 235598177
875 758 86946194 166539567
663 389 24612786 778431568
113 758 93700772 434513322
147 891 98586351 418602568
196 141 35208274 744831310
771 719 63320478 241380249
143 501 16114506 784450307
498 197 11224381 680745607
996 855 46535819 785524659
762 543 56251916 624542514
624 452 28653849 342585680
59 452 22118105 767119556
968 374 19661793 721257766
979 779 10903568 168345564
785 135 29159406 961807715
932 267 44910850 214304315
605 132 52349901 91367908
580 226 37467763 643977132
173 452 22574909 43064385
464 313 59185258 762166328
853 10 22745370 121545498
479 923 76950836 168414090
900 831 16720523 161032355
920 226 79026105 309600672
988 117 78443626 68591213
350 1 47795459 112562355
696 362 31308275 570708086
701 91 19694347 963646567
90 333 28637360 773611891
421 900 73700550 332245558
992 663 83155108 659331676
308 129 60629616 42709786
172 132 59308981 865221433
532 51 67035927 975948409
742 616 63609183 311356203
747 427 38215273 541113940
314 498 14850198 212405693
800 452 30662850 131863731
953 663 66079483 407491436
852 550 14839408 253545034
145 362 8120131 322490739
185 137 61981000 199014000
43 464 63032803 236793051
504 797 71066735 360628290
455 847 70443007 135931075
271 884 91901793 433901843
708 950 97032596 411830251
820 923 856133 190230550
368 493 30044388 619209095
890 605 9953652 369046349
161 61 26146850 549120321
905 129 35787078 703132084
570 605 35623518 901874319
206 362 24051487 144138921
121 530 40979635 305092407
648 487 87560889 596186782
221 696 66745774 990173471
26 361 80631475 971699458
266 970 94715392 546453337
11 31 45637978 56601452
301 129 14862439 320049773
39 862 13532599 368196105
525 715 93495769 359562216
14 953 61891801 354666823
465 391 57081330 739314982
783 722 59390307 404206786
745 59 95071391 636494172
743 111 85529943 350353262
649 368 47884555 34125032
668 129 27248676 56335110
503 526 41364170 279313372
522 580 73413102 649452724
524 127 2961219 179399111
934 32 8328220 136077568
735 923 51591522 54482118
502 491 20038439 378487037
559 992 96623231 723837386
418 132 83315105 868892338
154 663 2276232 139450411
87 267 26204035 535748294
139 663 40274293 497590893
611 715 31601339 280055151
300 127 57326829 24184914
400 855 33333493 34355868
310 21 58465844 560657439
600 498 59435689 263561057
560 731 95462232 252263730
794 61 61010021 27133602
334 198 25645979 400187844
34 390 20255067 531456771
354 890 34830114 33562106
162 518 78289965 881426446
419 580 63273695 778649138
214 595 16213495 287313061
288 517 2551483 32598156
799 669 83455133 35166890
915 141 76105735 273316278
976 389 13051478 34099181
943 663 54401317 585723643
843 669 80060792 313909846
755 696 60467569 540264334
202 905 57847174 294742354
534 465 85948789 716557075
170 335 19902327 792564354
457 263 61238093 974918510
134 51 88259911 467220385
505 404 73656663 179429327
69 794 64158403 348847030
670 676 6047775 23231741
126 988 24085392 34986875
997 920 1883273 595580130
791 634 9440637 309191436
695 326 21100352 479387479
513 28 34615306 542696147
210 389 77130589 912563761
964 361 86155064 344518066
218 46 12130395 991548043
958 127 56218002 222654066
681 28 45108538 587663701
825 997 806779 16173163
75 24 1250546 185746716
247 173 80821945 165474164
346 509 46906394 758029084
913 817 81186370 13556493
352 611 2676440 956075907
118 403 62805062 993484491
353 964 9664523 176602374
83 871 60925564 337245699
961 203 49308598 488477609
714 550 50024112 299761849
577 83 71025583 945470154
851 624 72065677 362584010
294 465 63093641 892985967
244 59 85209254 32695384
490 668 59606462 425299921
679 1 92925899 143993974
672 742 2369568 643346728
834 891 36826250 687075092
846 524 14151297 458491064
924 314 14049794 336714028
499 754 22223777 109322011
925 482 37525487 30775341
262 15 63574103 620502224
223 624 54582770 179555751
273 950 19715 780618500
537 828 83284000 785709112
200 390 57202995 195449759
360 249 12920526 980280757
276 976 1846163 330250386
987 923 71982235 254180508
703 745 91877146 285813343
844 395 66497213 71572153
688 360 7680113 697042408
70 276 65662095 710536983
128 976 36892838 687670652
259 150 59684955 7633706
256 249 98796050 196014366
833 719 71256420 706161977
74 491 3351432 121428504
165 90 14279991 272051728
50 147 98790590 795553216
103 247 81585458 24734694
857 970 11356415 891562888
792 83 48689748 964128908
408 825 81918994 496372300
438 391 14169670 550142167
130 248 58866532 795990231
581 107 51666090 849062735
417 600 77825661 877127093
538 374 73350051 826997783
178 31 52402081 201767488
481 247 43546788 943948319
568 130 5447364 815363300
216 332 62577277 417894792
85 352 18149043 665063094
317 214 23825570 278982487
174 356 15125888 6674484
757 111 9877438 101077597
535 676 84850733 464501085
485 427 95378551 456484198
412 543 22114716 470450420
416 561 79842946 54015648
152 932 26999222 5571856
972 313 33256426 680935501
636 465 64815578 673736423
282 932 36316572 318994092
4 785 26203272 474739675
558 943 29739831 438994723
101 703 54114126 526290373
803 668 49051410 329266353
980 464 30372594 512690305
55 230 26673549 166460819
740 150 31056096 68344506
983 103 82289307 716797493
675 223 4820437 136685558
29 325 60092559 975439195
292 118 80019916 438876643
88 890 60028454 959016335
37 196 17178408 534672611
666 946 60967125 221335501
435 702 33316130 684233686
629 89 53975892 381621100
461 333 25815669 329856807
422 457 37145450 88137551
733 165 516680 68948761
730 197 22553594 368709709
142 559 59521116 643352914
892 332 21218638 202692829
19 722 20075894 521025960
793 796 4745634 265123333
405 162 5427725 627168810
767 267 78488819 46146947
609 450 4488759 621561457
821 890 63609353 928729405
281 256 52335056 647620136
80 958 13048514 426206182
236 69 86875885 465988314
569 779 96148129 901405425
316 925 20720768 234503418
447 669 44356246 788638138
921 719 60614219 216846392
909 199 14106382 229831154
388 742 79375625 459081473
788 530 44341310 957846859
156 988 42045914 938765655
306 629 10994859 125715557
774 88 17797103 4150994
303 198 45935613 864333559
656 832 83421559 198257654
184 346 74972932 612942145
49 490 31136968 31729847
815 197 27527691 406166192
289 282 46536401 683400778
2 828 50575708 456174034
966 852 8686015 152826413
769 793 16130835 518592893
709 609 94051566 703399033
241 871 30138150 444955450
495 400 92199698 6185318
441 938 61473460 82860791
545 471 26836133 929096222
92 875 74031502 369666029
20 915 79982482 127627462
591 306 44000003 485367502
664 332 43502627 529818570
269 755 70137839 426713395
467 503 6697768 870882920
816 408 2274054 647472708
312 669 46061672 960910463
893 400 6697821 610152616
207 46 15732044 619280280
370 774 45713720 779318702
734 807 47068873 221864757
627 573 47581466 237904317
903 370 49538958 680023129
639 931 76598282 899343865
253 491 90780782 133199959
510 560 42190371 833141558
941 14 79680271 206642910
981 884 82669406 561514017
321 900 2749395 863001413
123 740 74335906 550078635
375 197 34191622 993206547
365 49 68675596 864636089
407 550 10614345 956377041
689 740 45617787 545223690
589 29 17259838 591307283
940 300 91158879 152869224
108 135 57042805 720147396
167 762 61160130 745090833
879 43 83872405 593875889
614 294 22315926 588416615
928 848 15321805 373130328
182 326 8085057 43642071
6 445 32643453 20778994
104 498 84322662 899615238
369 857 44352544 478278590
618 185 83237621 928279362
654 938 70722172 649815695
444 24 65479029 452647
328 485 30432013 361277080
894 381 71328399 282021008
638 395 43312814 670595702
483 834 12911838 744518592
497 920 52879752 958640510
864 346 67458550 720552144
331 675 3219263 284077895
751 852 17261490 928292955
451 137 20685147 283496059
363 79 60927681 588808040
208 113 56849396 993732314
935 266 31148147 534733719
885 101 90352289 837091982
194 892 62952127 197890191
690 958 49162658 735841973
552 920 91175064 520906407
222 666 82052683 48089387
179 273 84617586 680224466
53 28 25798323 955366808
990 450 9903886 666568656
759 400 49786525 804932538
211 589 28336013 830883986
393 417 17823141 931045620
652 313 66039476 777825260
897 785 71110063 679777046
472 173 60467323 526354818
3 502 98266508 824670829
547 121 33787356 951312364
158 26 1638382 213242125
585 663 49863386 55560747
866 17 56897678 569535837
895 857 51580367 898976336
937 755 85962139 627909604
114 987 4064506 216908649
653 26 72458853 40669778
917 138 62068551 480799919
739 447 6917705 160196050
287 972 54864992 434113517
918 51 39693279 64408717
125 996 1871349 371602739
470 361 17037921 263553665
790 493 15502407 900527547
985 31 78796638 4361092
73 796 67822330 714661915
386 196 56757408 135273619
430 664 3539740 594470316
770 74 56983130 39357023
324 375 86062960 983443770
383 353 75270293 40319257
738 317 23817983 355710700
463 139 97999068 18152316
974 550 82956257 50987893
962 502 69629990 32896796
338 759 54847559 800892027
984 614 9223171 857977325
750 386 96562636 246242375
849 734 74181642 991281430
428 964 26626557 372933294
945 689 74689153 372848375
910 441 11062822 839604542
650 820 46847310 17831543
54 129 53726046 41385644
9 536 93342749 678207891
23 362 20058580 925019517
373 288 74420178 37291299
307 373 55818075 177826291
859 314 87827761 771159022
106 663 45959731 321644858
242 137 74777035 391310065
434 812 54040858 819429331
81 798 95026731 55967467
837 103 76728467 166614336
186 837 49521729 557868844
766 618 17257332 591807216
887 259 11770382 488100254
592 620 6095285 495309933
93 689 54379152 382821395
379 921 27093367 93508803
936 700 6764272 294232784
603 391 60070739 102700338
780 421 72962537 477993562
930 669 8799972 676976919
727 282 34446971 310923904
856 487 31699351 834212631
746 267 24352976 163520681
284 799 53575089 216817550
606 395 41389166 825550174
371 848 28727968 199583799
806 890 62662814 986743066
344 383 33832838 822811931
667 80 96701723 257133648
823 780 97897730 226881214
678 746 74513663 711990973
201 769 68038465 581662087
109 796 45095913 487338479
898 128 46088773 344928880
47 800 46846835 329050902
396 78 14355572 464639215
228 996 32189906 514185225
176 313 80637795 63549988
337 810 85328590 458746779
542 242 46146275 632772931
685 969 94656229 978044191
721 259 72471628 713945410
148 600 50866362 40111929
432 798 40680713 96816070
279 993 85361091 231309799
830 611 96159332 881187147
563 130 19970098 520672206
411 379 96494994 806873746
541 513 31922723 206513865
599 393 4268033 560950096
340 111 15806470 516668334
802 461 48290017 64782868
625 390 51257679 606861667
246 416 66789104 81346935
707 892 63688028 272044833
511 6 151177 250926730
954 890 55717798 747756038
986 434 13937647 233070716
586 428 37759788 882247137
567 226 98759894 431021450
571 158 88432667 458621241
579 504 39186226 386095403
737 918 16124609 431391902
213 890 76577091 982828924
251 170 66533811 45026611
195 303 41733344 35680233
642 325 12362812 831611
96 513 83039747 840390940
572 113 63813641 385179492
254 992 71493270 40063018
512 451 4232211 779768465
824 792 75454075 241177851
623 325 1036747 13107179
942 303 87753953 803486202
209 248 90787212 268619113
233 173 18340805 386479358
448 689 65882685 483659039
105 383 51385029 192497527
136 61 53395524 26617477
706 903 16481068 14578651
827 103 2795187 92808456
717 915 25386299 208579667
761 92 34013869 701204950
877 24 61578164 698164897
553 577 96532504 215967461
872 618 35867052 467927380
119 344 95578761 44207940
296 208 81165201 464922159
157 61 9267564 1797798
948 589 66968697 478811606
27 670 90049650 356893227
35 851 27485101 436930746
752 942 58446912 421583984
347 895 90549877 979603782
741 828 13698132 69753050
56 467 73681957 867150665
772 184 70211386 10197023
880 945 55810920 42362022
345 518 69656303 718553109
424 571 49669835 531237690
659 931 51793045 36296381
410 985 8287628 47680526
716 762 60260440 161172114
507 505 70509731 548564925
514 687 87121312 806770190
971 737 79505169 835854375
904 26 54563191 117126269
914 627 51049575 821191510
861 847 82696252 957798918
231 934 48222874 507492272
967 958 17731720 62852342
235 611 76060678 902167902
711 863 52831072 806743119
290 263 40753343 654121211
869 424 20810908 39708560
341 83 57358111 997915520
304 791 60227223 58905030
327 954 23265420 985283439
836 69 17175831 481377746
415 192 46057096 957393726
63 941 43435135 649085436
562 723 65579775 532125957
608 925 20836914 700410040
12 586 36682188 469410667
48 345 57131081 127083704
219 511 23108236 59232205
697 707 51270521 762680369
764 807 21936806 467389872
555 389 10439742 209821553
777 157 74125722 315626345
41 605 80364364 906215073
646 666 91350409 373964810
190 137 28236598 435483350
191 451 96378629 419950223
285 984 19105887 94027358
841 410 28135194 848160328
460 388 15233825 541435976
982 892 20218524 674681993
801 549 11844156 70096692
647 289 23858866 224426896
272 184 2246784 829525853
906 219 47559842 146309814
633 11 39102142 959651811
22 6 80035806 749622233
394 752 4850667 517409629
784 719 30842447 821735944
351 971 80052885 224524190
814 756 28760033 995456368
778 966 42893963 519450822
189 156 76625743 87791750
926 346 88906439 343100300
232 290 7576111 216302197
949 872 41537183 993112778
680 375 24482367 525056714
443 547 68116779 518220873
710 853 79879410 694121053
787 206 93050105 93200590
809 347 66126389 508464514
521 498 97183471 330183524
57 321 15747206 553163632
25 848 26031999 376533995
188 825 71852855 48143601
484 750 43011345 303347936
881 361 95880703 668404811
40 766 14558125 308571246
960 530 25527745 953303149
151 202 9541095 458741941
704 495 76875936 970077533
359 880 10876432 936460122
171 461 66758210 720553952
813 627 69134489 75139151
587 296 11256931 104063595
927 938 53960906 885298147
951 756 78330013 113623369
575 510 54259364 805534732
753 362 17448310 595035150
998 559 66045203 78434546
240 774 39206826 172472379
392 768 4998743 263724223
661 457 10703034 185387313
773 445 8164788 370817702
748 166 32960437 61650779
527 592 81695832 778292529
637 762 41518660 487688342
297 360 18744972 947904463
705 965 95209723 52890596
684 358 85644574 26279837
508 953 73717727 739867217
322 61 64041485 301029235
896 483 17047602 379126564
655 556 56567670 55384882
245 990 91438726 283590986
95 513 45139390 484789836
215 154 34763776 895598590
999 874 93107200 333984147
662 104 40398059 103892157
163 408 90480824 770991174
453 679 74867329 907545192
367 505 71066033 598934616
610 832 61103093 207608250
760 788 36373035 26794499
489 80 65326532 837135085
720 964 74858576 616684172
845 735 72135740 357317799
889 435 4218073 300912216
94 792 1420364 876956714
378 118 63101436 78161455
878 183 66809229 939711164
854 828 85525912 880200655
492 525 93868945 851684435
593 432 25794723 776010164
671 773 96251755 746679172
225 95 56657362 70491173
907 710 60939902 213851821
255 31 82229386 325209474
531 603 34343049 259512929
366 54 58309638 964241356
488 368 92440563 321543443
60 998 11546569 51235700
100 290 50532691 772276230
229 417 31186503 194776936
169 158 31460674 407251316
433 910 50313934 758261339
582 663 43285861 428256252
882 60 58993081 45931860
397 997 11709876 124338001
957 487 81692632 811461497
515 412 38861584 54066720
439 880 77484057 327446812
613 616 60449796 79238465
963 846 58645883 395111430
994 612 61780186 538316833
376 266 38516788 679278339
804 192 25369569 351301231
576 725 9360929 568500397
159 402 54692604 344583941
264 982 56153965 936568188
425 684 67023214 219692056
691 591 54897285 939858190
622 510 43451364 674161827
252 681 44225850 554977971
293 553 90865603 172904208
217 767 83183415 769356091
406 603 20390834 26415400
372 451 78261926 317876739
168 855 23867499 830626108
551 48 35206941 206477117
64 427 61845694 704074900
540 256 27951566 956246399
658 767 93999077 926138136
607 40 47028974 587915407
98 972 74481678 420218940
724 614 92322661 829378412
944 920 27936038 792115504
420 141 83651256 574451615
131 310 7712482 146212936
278 942 43227955 181964739
660 324 41011732 611304872
385 173 17953881 12230482
30 558 42248747 281873716
268 105 7610768 167045554
298 219 61374730 949348791
320 873 11780615 264534655
922 670 23343885 181818705
302 151 32115179 928830746
916 114 66798681 200360742
399 85 94709450 415083889
5 408 96561251 36787268
533 541 28664391 894287888
712 660 14800067 756967891
811 164 3352319 720834408
261 910 99562041 299626115
265 324 38674362 493247582
349 716 31895551 281583922
726 915 59860181 862430742
641 629 76217681 203566813
644 834 47337967 644267265
590 375 43028282 292542921
258 24 27248338 34157860
477 235 10484897 309302257
665 622 32180131 301024170
888 972 14531219 925139633
243 12 8927053 462902188
500 576 51642065 923129779
601 51 8564010 575331903
77 533 14546076 122301210
516 151 24790258 323932607
619 799 5316800 207143661
947 10 89107945 404264026
76 391 19037150 475362245
621 950 448068 749694431
436 21 64551422 13534906
45 487 76213211 941941959
506 658 19887188 93114506
72 326 59242772 87710340
144 813 26757712 41903627
822 166 90153998 421065480
840 550 72769004 784964050
674 266 63765005 104010649
224 399 19746353 720645924
13 417 24983334 960562387
602 138 94976011 272068124
565 190 97669930 509543421
858 420 2990414 854197533
546 96 54869975 474763152
387 614 13061128 638706554
205 352 70178364 63372036
775 455 72360456 772700515
478 170 27517549 822810077
16 387 29110958 812157203
496 463 3086183 30910454
309 17 3540724 247559479
617 233 64941125 60050188
36 688 31893948 987543712
805 545 72254372 892182925
52 894 98654811 836006700
357 143 25264467 487441058
65 55 9959526 744536049
1000 999 57832767 289793914
732 396 19842492 843810987
382 723 24751516 761092568
474 510 10397652 519711336
274 954 90877783 374012895
870 649 82874184 85802865
82 374 89076156 620050716
578 321 88926880 65308794
44 217 92950371 281933523
153 833 90101859 485572365
449 833 48764511 412159886
440 916 15806555 895034164
835 259 86210217 119678435
486 14 35557927 367085157
318 667 85133770 311220869
850 103 94532358 306389426
99 353 11489991 857584014
694 266 53505762 691631408
699 395 63182161 816231178
566 784 88610203 168433319
933 510 96931629 64459462
175 840 54465685 691529083
97 434 71901920 163572569
275 586 77207940 843878362
544 282 75598494 661215347
442 648 6180470 80450854
989 948 83260277 463076454
991 654 8216864 171684260
693 173 1329845 481148146
677 29 95339117 324509542
299 351 55956130 10044244
115 958 95990595 173725813
116 402 24796764 218303376
548 109 98277016 678381123
286 444 62746381 763694845
838 362 11329973 10698831
692 379 87832916 772331026
239 199 11241673 798575641
305 740 41486322 927333743
329 485 58124208 441235528
842 726 15450546 727710254
574 969 94470916 269229337
995 639 59608733 547694955
102 989 52677221 931155978
523 812 47225695 409761553
588 733 65967876 410208455
865 538 91156979 806365158
781 166 16341621 790797653
557 167 7856021 705827545
414 40 18924470 849988476
160 28 70703849 223696266
776 926 75805050 479329145
604 848 80764262 947572762
902 271 78743482 528328676
295 180 91639561 660894773
124 850 50524285 452712158
628 885 89517879 147731292
140 734 68073447 980373631
955 136 2308849 571480182
234 503 73840512 220364414
554 732 97326911 519624857
630 111 58335941 91250977
68 661 72316630 198010645
698 88 17533428 756532583
260 30 83362059 392648897
429 330 50589459 17423988
431 157 83661819 460432010
62 106 60252993 604075068
795 345 52983291 147423032
343 993 533057 841089395
713 729 91843133 905349250
84 82 59258947 701860531
952 982 66177731 768626516
270 57 84170485 833682670
277 845 58916233 10171743
528 422 56005322 756928791
782 205 64010477 384817634
657 183 48675464 747297547
177 60 83075937 548115383
520 139 21192471 45431237
615 190 12924244 605905568
437 232 51433864 756765890
736 263 26546269 87541203
315 447 55184484 495456944
18 730 51855273 110089666
829 665 90676534 314651998
643 566 13573542 551069487
220 403 70345050 240518880
867 133 5206000 176262512
319 258 49288711 361513984
409 522 5337979 762497022
66 791 90927258 191852525
635 58 50953730 686647108
458 488 41206309 301890846
42 684 9070767 495514789
673 216 56336695 7862150
919 292 75677706 558934478
120 85 23701741 483040254
564 673 26278183 436355901
473 825 5985337 639830254
808 662 84886026 460012050
348 140 38580337 513307709
384 644 9076829 132608276
446 686 55768858 569971323
908 946 26420822 285090054
468 107 14036981 935205709
423 303 45767137 371331115
454 726 82589514 772970264
480 328 48167189 66230038
597 574 31845236 738648560
583 94 64157397 322929847
336 987 85535405 148541378
283 437 63414469 572365730
651 69 92657690 376315328
977 710 37933423 187585186
640 852 44076313 751672589
598 636 77172661 855049854
519 409 99089609 618807977
765 18 27626874 754825993
682 582 21133530 272304286
466 633 93620875 895660399
380 337 51979159 469912683
594 572 60100819 950086077
459 175 63526704 755242673
786 410 63383742 124525490
886 835 13140300 585168923
122 365 64154349 883749573
8 614 57392846 274376594
939 696 59390747 380790
237 977 1423079 381799841
401 694 92488527 739729368
227 863 34363996 847522085
596 684 18985539 986679646
187 399 28713496 651917625
67 795 99136019 871894501
631 431 53077236 379082849
462 967 9388841 768268803
7 691 54568644 940897524
584 348 56423783 961223310
238 73 4890278 842977998
632 56 43021974 790978414
456 590 627334 281543223
529 238 53198862 380346790
956 285 49064693 494106637
911 822 11839398 83163296
626 244 68590635 209875768
110 28 1460190 840469176
323 33 49146457 172137295
250 453 13153611 579896588
749 148 49465396 398443654
539 281 81835330 582133378
311 218 50498494 76252378
876 597 41447879 844245529
212 133 36279382 867239552
112 361 71073975 511417460
718 618 6350338 968868746
959 940 98903092 659908771
469 261 27698938 33068762
398 32 24841297 806922291
413 364 76225145 144756299
819 659 29133822 389448313
494 328 4351679 409610782
912 20 73491253 881829658
149 445 94240362 419755426
377 762 80129893 467021790
899 319 58731766 483108135
818 332 9692702 554268086
860 629 67138193 999433507
86 420 96403454 24795914
826 190 34376483 680806053
339 975 16257242 277847368
181 723 79837340 293762298
193 229 7693872 580347817
789 599 76960896 883859614
645 815 27208909 433049925
