1000 30
000000000001100001111101001010
000001100111110110101000011001
000000000000101100101000001100
000000000000000000000000000101
000000000000000000000101001101
000000000000000001001100001010
000001101001101000111101100100
000000000000000000000000001100
000000000000010001001100010110
000000000001101000100011001010
000000000000010100111111111001
000000000000000000000000000111
000000000000000000000000001111
001001101000110000101011011000
000000000000000001011001101001
000000000000000000000010111001
001111101101111100110110011000
000000000000000111110010011101
000000000000000000000000110101
000000000000000001111001010001
000000000000101000001011001000
000000000001000010000001100101
000000000011011001001100001001
000000000000000000010100111110
000000010000000101110101111110
000000010110101110110000010001
000000100110011110000011011011
000000000000000000000000100000
000000000000000000000011100000
000000000000000000010111010100
000000000000000010111100100000
000000000000000000000000000001
000000000000001110011110110101
000000000000000000000000000010
000000000000000000000000000001
000000000000000000000000011101
000000000001000000111001010100
000000000001111010100010010100
000000000000000000000000110101
000000000000000001011000111011
000011001010011011111010101010
000000000111000001110010111110
000000011001011100001000110001
000000000000000000000000011111
000000000000000011001101101010
000010101011010010011000111010
000000000000000011000000001001
000000000000000000000000000100
001110110111101010011101010101
000000000000000000000000000101
000000000000000000000100011011
000000000010000000001110100110
000000000000000101010100111111
000000101110110001001001011000
000000000001101111011000100011
000000000000000000000000000010
000000000000000000000000000000
000000000000000000000000010010
000011100000000111010011001001
000000000010010001110011011000
000000000101010010111110011110
000000001111101100000011010000
000000000000011010100111100101
000000000000000000000000001010
000000111010111011101001100101
000000000000000000000000000011
000000000000000000000000000111
000000000001110100100101001101
000000000000000000000001110011
000000000001001000010111011010
000000000000000001100100000001
000000000000000001000001011010
000000000000000000000000011100
000111000011111111101101011011
000000000000000000000001011011
000000000000000111011010000000
000000000000000000011100111100
000000000000000000000001011000
000001111100001111000100010110
000000000000000001110100101101
000000000000000000000000000001
000000000000000101010001010110
000110100101111001010111001110
000000000000000000000000000000
000000011110011100001101111111
000000000000000000000100001001
000000000000000001001010000000
000000001110101010010010000000
000000000110101101001110011101
000001100111111010101000111111
000000001110001110001110010101
000000000000000000000010001101
000010111100000110100111010001
000000000000011100011000000010
000000000000000000000000001000
000000000000000000001001010001
000000011011111100101110110011
000000001111101100000110110110
000100111110110011101001000111
000000000000000000000000000010
000000000000000000000000010110
000000000000000000000000000010
000000000000000000000000001001
000000000000111111101001111001
000000000000000000011000101110
000000000000000000001110010111
000000000000000000000100000000
000000000000000000000000011001
000000000000000111000111100100
000000000000000000000000100000
000000000000000000000001101010
000000000000000000000000000110
000000000000001000111111010100
000000000000000000000101111000
000000000000000001011111011000
000000000000000011011001000100
000000000000000001111011001010
000000000000000000111101011011
000000000000001000101010010100
000000000010111110001100000100
000000000000000000000000000000
000000000000000000001111100000
000000000000000000000010101101
000000000000000110000110001010
000000000000000000000001010000
000000000001100110011111001011
000000000000000000000000000010
000000000000000010001001111101
000000000000000000000000000010
000000000000000000010110000111
000000000000000000000000001001
000000000000000000000000000000
000000000000000110101011000100
000000000000000001001010110010
000000000000000000000010101111
000000000000000000000010011011
000000000000000011111101110001
000000000000101110111000111110
000000000000000000010110010101
000000000000000011111101001100
000000000000000000000101111111
000000000000000000000000011100
000000000000000001011100010010
000000000000000000000000001010
000000000000000000110010010101
000000000000111001110011001000
000000000000000000000000001000
000000000000000000000000000001
000000000000000000000101111000
000000000010110011101000110111
000000000000000000000000010000
000000000000000000000000110001
000000000000010110000101111110
000000000000000000001001010101
000000000000000011011100110011
000000000000000000000000011101
000000000000000000111011111111
000000000000000000000010101100
000000000000000000000000000110
000000000000000000000001001001
000000000000011011100011010100
000000000000101101101101011101
000000000000000000000000000100
000000000000000011111000111010
000000000000000000111001001010
000000000000000001100000111111
000000000000000000001100100101
000000000000000000000001001011
000000000000000100110000110110
000000000000000000000000111011
000000000000000100110100001111
000000000000000000000000001001
000000000000000001100000011001
000000000000000000000000000000
000000000000000000000000001001
000000000000000011001011100000
000000000000000000000111000001
000000000000000000000010110000
000000000000011010111101111100
000000000000000000001000001011
000000000001001101100011010100
000000000000101011100010010011
000000000001011010101000000001
000000000000000000000001100100
000000000000000000000001111001
000000000000000000001000010111
000000000000000000000000101001
000000000000000000101101101100
000000000000000000000000000010
000000000000000010001010011001
000000000000000000000000110100
000000000000000000000001100011
000000000000000001111110100111
000000000000000000000000000100
000000000000000000000101011111
000000000000000000000000100101
000000000000000001100010101001
000000000000000010001011110011
000000000000111000100000000111
000000000000000000000000000000
000000000000000000000000111111
000000000000000000000000000111
000000000000000000000011011000
000000000000000000000000011111
000000000000000000000000000100
000000000000000000000000000011
000000000000000000000000110000
000000000000000000000000001000
000000000000000000000000001011
000000000000000000000000000000
000000000000000000000000010011
000000000000000000000000000010
000000000000000000000000000011
000000000000000000000000000001
000000000000000000000000000011
000000000000000000000100010110
000000000000000000000000000001
000000000000000000000000000101
000000000000000000000000100111
000000000000000000000000011010
000000000000000000000000000001
000000000000000000000000001110
000000000000000000000000011011
000000000000000000000000000001
000000000000000000000000000100
000000000000000000000011010000
000000000000000000000001100000
000000000000000000000000000011
000000000000000000000011001111
000000000000000000000011001010
000000000000000000000000000001
000000000000000000000000001100
000000000000000000000001111110
000000000000000000000011110111
000000000000000000001101000000
000000000000000000000000000000
000000000000000000000000000001
000000000000000000001101100011
000000000000000000000000000000
000000000000000000000000000010
000000000000000000000001001101
000000000000000000000101100000
000000000000000000000000000010
000000000000000000000000000000
000000000000000000000000010111
000000000000000000001101001111
000000000000000000000000100101
000000000000000000000001101111
000000000000000000000000001111
000000000000000000000000000000
000000000000000000000000111110
000000000000000000000000000000
000000000000000000000101100011
000000000000000000000011011000
000000000000000000000000111001
000000000000000000000000110110
000000000000000000000001101100
000000000000000000000000000000
000000000000000000000000000011
000000000000000000000000111101
000000000000000000000000000001
000000000000000000000000101010
000000000000000000000000000000
000000000000000000000000000010
000000000000000000000011011101
000000000000000000000000000000
000000000000000000000000100111
000000000000000000000000000000
000000000000000000000000101111
000000000000000000000000000000
000000000000000000000000001111
000000000000000000000100101101
000000000000000000000000001101
000000000000000000000000000011
000000000000000000000000001010
000000000000000000000000000101
000000000000000000000000000001
000000000000000000000000000011
000000000000000000000000000001
000000000000000000000000011000
000000000000000000000000000000
000000000000000000000110110100
000000000000000000000000000010
000000000000000000000011000111
000000000000000000000110010110
000000000000000000000000110101
000000000000000000000000000111
000000000000000000000000000101
000000000000000000000000011101
000000000000000000000000000101
000000000000000000000000110011
000000000000000000000000110110
000000000000000000000000010100
000000000000000000000110111111
000000000000000000000000000001
000000000000000000000101010100
000000000000000000000000000011
000000000000000000000000011101
000000000000000000000000000010
000000000000000000000000000110
000000000000000000000001110100
000000000000000000000110011101
000000000000000000001111001110
000000000000000000000010110101
000000000000000000000010001110
000000000000000000000000000010
000000000000000000000000110100
000000000000000000000000000000
000000000000000000001100010101
000000000000000000000000000001
000000000000000000000001110110
000000000000000000000000010101
000000000000000000000000010011
000000000000000000000000010001
000000000000000000000000000000
000000000000000000000001011100
000000000000000000000000000000
000000000000000000000000001001
000000000000000000000000000000
000000000000000000000000000001
000000000000000000000000000010
000000000000000000000000101111
000000000000000000000001101010
000000000000000000000000101000
000000000000000000000000010100
000000000000000000000000000001
000000000000000000000000000111
000000000000000000000000000000
000000000000000000000000000001
000000000000000000000101010011
000000000000000000000000000011
000000000000000000000000000011
000000000000000000000100001000
000000000000000000000000000011
000000000000000000000000000011
000000000000000000000011011011
000000000000000000000000111001
000000000000000000000101010010
000000000000000000000001110101
000000000000000000001110101110
000000000000000000000000000001
000000000000000000000000000101
000000000000000000000001110010
000000000000000000001001100101
000000000000000000000000000001
000000000000000000000000001111
000000000000000000000010001100
000000000000000000000000000110
000000000000000000001110001010
000000000000000000000001010101
000000000000000000000010111001
000000000000000000000101011011
000000000000000000000000111101
000000000000000000000001101100
000000000000000000000000001011
000000000000000000000000000110
000000000000000000000000110101
000000000000000000001110101101
000000000000000000000000000111
000000000000000000000000000100
000000000000000000000000000011
000000000000000000000000111101
000000000000000000000111011100
000000000000000000001110011110
000000000000000000000100001100
000000000000000000000010111010
000000000000000000000000000100
000000000000000000000000000001
000000000000000000000000000111
000000000000000000000000000000
000000000000000000000000000000
000000000000000000000000010110
000000000000000000000001100110
000000000000000000000111000011
000000000000000000000000110100
000000000000000000000000000001
000000000000000000000000001000
000000000000000000000010010010
000000000000000000000000001001
000000000000000000000000000000
000000000000000000000000000110
000000000000000000000010111000
000000000000000000000000000001
000000000000000000000000011100
000000000000000000000000000000
000000000000000000000000111011
000000000000000000000001011000
000000000000000000000000000010
000000000000000000000000000010
000000000000000000000000000001
000000000000000000000011110010
000000000000000000000001101111
000000000000000000000011111011
000000000000000000000000110001
000000000000000000000101011111
000000000000000000000000110101
000000000000000000000000010001
000000000000000000000000010011
000000000000000000000000110110
000000000000000000000011011001
000000000000000000000010100110
000000000000000000000000000001
000000000000000000001010110100
000000000000000000000000000010
000000000000000000000000000000
000000000000000000000000000000
000000000000000000000000000110
000000000000000000000000000001
000000000000000000000000000011
000000000000000000000011010011
000000000000000000000101111101
000000000000000000000000000100
000000000000000000000001000111
000000000000000000000011100010
000000000000000000000001100100
000000000000000000000000110011
000000000000000000000000100100
000000000000000000000110110111
000000000000000000000000000000
000000000000000000000000000101
000000000000000000000000001010
000000000000000000000000000001
000000000000000000000000011110
000000000000000000000011110000
000000000000000000000000000011
000000000000000000000000001100
000000000000000000000000000001
000000000000000000000000011010
000000000000000000000010001000
000000000000000000000000000001
000000000000000000000110101011
000000000000000000000000000111
000000000000000000000000001100
000000000000000000000101110110
000000000000000000000010010001
000000000000000000000000010111
000000000000000000000000011110
000000000000000000000000000011
000000000000000000000000000011
000000000000000000000001010100
000000000000000000000000000000
000000000000000000000000000010
000000000000000000000000000110
000000000000000000000011110100
000000000000000000000001000011
000000000000000000000000010110
000000000000000000000000000101
000000000000000000000011001101
000000000000000000000000101100
000000000000000000000101000010
000000000000000000000000001010
000000000000000000000000000000
000000000000000000000000000000
000000000000000000000000111100
000000000000000000000000001000
000000000000000000000000000111
000000000000000000000000000000
000000000000000000000000000110
000000000000000000000000010010
000000000000000000000100000110
000000000000000000001000110001
000000000000000000000010100101
000000000000000000000000000011
000000000000000000000000000011
000000000000000000000000000000
000000000000000000000000000001
000000000000000000000000000000
000000000000000000000000000001
000000000000000000000011000100
000000000000000000000001111110
000000000000000000000000011001
000000000000000000000000000000
000000000000000000000000000001
000000000000000000000000100110
000000000000000000000111101110
000000000000000000000000000001
000000000000000000000000011111
000000000000000000000000010011
000000000000000000000000001010
000000000000000000000011101101
000000000000000000000000110110
000000000000000000000000000100
000000000000000000000000000010
000000000000000000000011011100
000000000000000000000000111100
000000000000000000000000000001
000000000000000000000000001000
000000000000000000000000000100
000000000000000000000000110001
000000000000000000000000011101
000000000000000000000000000001
000000000000000000000000010011
000000000000000000000100101010
000000000000000000000000001101
000000000000000000000111000011
000000000000000000000000010011
000000000000000000000000000001
000000000000000000000000001110
000000000000000000000001110001
000000000000000000000000000100
000000000000000000000000000000
000000000000000000000000000000
000000000000000000000000000001
000000000000000000000000000111
000000000000000000000011000111
000000000000000000000011111101
000000000000000000000000001101
000000000000000000000001000110
000000000000000000000000010111
000000000000000000000000000000
000000000000000000000000000001
000000000000000000000000100101
000000000000000000000000010000
000000000000000000000000000001
000000000000000000000000000000
000000000000000000000000100101
000000000000000000000000001111
000000000000000000000000010111
000000000000000000000000000000
000000000000000000000000000010
000000000000000000000000000001
000000000000000000001111010010
000000000000000000000000000000
000000000000000000000001101111
000000000000000000000001000110
000000000000000000000000000001
000000000000000000000000000000
000000000000000000000000101010
000000000000000000001100110101
000000000000000000000000000000
000000000000000000000000000001
000000000000000000000000010110
000000000000000000000000110011
000000000000000000000100101011
000000000000000000000000000010
000000000000000000000000001110
000000000000000000000000000011
000000000000000000000000010001
000000000000000000000000000010
000000000000000000001110101010
000000000000000000000000011010
000000000000000000000010001011
000000000000000000000000000000
000000000000000000000111001100
000000000000000000000000001100
000000000000000000001111001011
000000000000000000000000000001
000000000000000000000000000001
000000000000000000000000111100
000000000000000000000000000011
000000000000000000000000111010
000000000000000000000000011101
000000000000000000000010111001
000000000000000000000011100100
000000000000000000000000000010
000000000000000000000000000010
000000000000000000000000000011
000000000000000000000000000000
000000000000000000000000001110
000000000000000000000000001010
000000000000000000000000011110
000000000000000000000000000100
000000000000000000000010110110
000000000000000000000000110011
000000000000000000000000001011
000000000000000000000001000010
000000000000000000000000010100
000000000000000000000000000001
000000000000000000000000000110
000000000000000000000110100100
000000000000000000000000000011
000000000000000000000010001100
000000000000000000000000000011
000000000000000000000000000000
000000000000000000000000000011
000000000000000000000000010010
000000000000000000000001101101
000000000000000000000000000011
000000000000000000000001001110
000000000000000000000000000000
000000000000000000000001110000
000000000000000000000000000001
000000000000000000000000000001
000000000000000000000000011111
000000000000000000000000111110
000000000000000000000000101101
000000000000000000000000000000
000000000000000000001001100101
000000000000000000000000010111
000000000000000000000000000000
000000000000000000000100101101
000000000000000000000000000010
000000000000000000000000011000
000000000000000000001010101000
000000000000000000000000110000
000000000000000000000000111010
000000000000000000000000101101
000000000000000000001011100110
000000000000000000000010000100
000000000000000000000000000010
000000000000000000000000000000
000000000000000000000000000100
000000000000000000000011101100
000000000000000000001100001111
000000000000000000000100000010
000000000000000000000000000100
000000000000000000000000010111
000000000000000000000000100000
000000000000000000000000001011
000000000000000000000000000000
000000000000000000000111000100
000000000000000000000010111011
000000000000000000000011000101
000000000000000000000000000010
000000000000000000000000100010
000000000000000000000000000001
000000000000000000000000000101
000000000000000000000000011011
000000000000000000001001111111
000000000000000000000001101010
000000000000000000000000101101
000000000000000000000000011111
000000000000000000000111000001
000000000000000000000000000111
000000000000000000000000110101
000000000000000000000000000000
000000000000000000000000111011
000000000000000000000000000010
000000000000000000000000011010
000000000000000000000000000000
000000000000000000000000010110
000000000000000000000000001010
000000000000000000000000000001
000000000000000000000000000001
000000000000000000000001011111
000000000000000000000000010111
000000000000000000000000001110
000000000000000000000000001111
000000000000000000000000101111
000000000000000000000000011000
000000000000000000000000000000
000000000000000000000000001100
000000000000000000000000000111
000000000000000000000011110000
000000000000000000000000001011
000000000000000000000000001100
000000000000000000000000000100
000000000000000000000001100010
000000000000000000000000000100
000000000000000000000000110100
000000000000000000000000110000
000000000000000000000000000001
000000000000000000000000001100
000000000000000000000000000000
000000000000000000000000000111
000000000000000000000000001101
000000000000000000000000000000
000000000000000000000101010100
000000000000000000000000001110
000000000000000000000000010100
000000000000000000000000000101
000000000000000000000000000001
000000000000000000000000001100
000000000000000000000000001010
000000000000000000000000000001
000000000000000000000000001001
000000000000000000000010010001
000000000000000000000100100100
000000000000000000000001100110
000000000000000000000000000011
000000000000000000000000010111
000000000000000000000000000000
000000000000000000000000101000
000000000000000000000011010010
000000000000000000000000000010
000000000000000000000000110001
000000000000000000000000000010
000000000000000000000110111100
000000000000000000000001110111
000000000000000000000000001110
000000000000000000000000101000
000000000000000000000000111001
000000000000000000000011000111
000000000000000000000000100011
000000000000000000000000000110
000000000000000000000001001101
000000000000000000000000000010
000000000000000000000001101111
000000000000000000000110111001
000000000000000000000000000011
000000000000000000000000000100
000000000000000000000000000011
000000000000000000000000100001
000000000000000000000000111100
000000000000000000000000111100
000000000000000000000000101100
000000000000000000000000001011
000000000000000000000000001111
000000000000000000000000000001
000000000000000000000000000000
000000000000000000000000000001
000000000000000000000000000101
000000000000000000000100100001
000000000000000000001101001010
000000000000000000001101001111
000000000000000000000000000000
000000000000000000000000000110
000000000000000000000000000000
000000000000000000000000101000
000000000000000000000101101000
000000000000000000000000000001
000000000000000000000011011001
000000000000000000000001110011
000000000000000000000000000001
000000000000000000000100010100
000000000000000000000010101011
000000000000000000000000000011
000000000000000000000000000011
000000000000000000000000000111
000000000000000000001100100000
000000000000000000000000000100
000000000000000000000000000100
000000000000000000000000000000
000000000000000000000001000100
000000000000000000000000000011
000000000000000000000000000101
000000000000000000000010100000
000000000000000000000000101110
000000000000000000000000110011
000000000000000000001001101110
000000000000000000000000101111
000000000000000000000010110011
000000000000000000000000011101
000000000000000000000000011101
000000000000000000000000000000
000000000000000000001110101110
000000000000000000000011010011
000000000000000000000011101100
000000000000000000000000011001
000000000000000000000000010001
000000000000000000000000011010
000000000000000000001110100110
000000000000000000000000000000
000000000000000000000111011110
000000000000000000000001010101
000000000000000000000001001000
000000000000000000001111011001
000000000000000000000000000111
000000000000000000000010110101
000000000000000000000000000101
000000000000000000000000100110
000000000000000000000111001010
000000000000000000000100111010
000000000000000000000001101110
000000000000000000000000000011
000000000000000000000110110001
000000000000000000000000110011
000000000000000000000000000001
000000000000000000000000100101
000000000000000000000000000001
000000000000000000000000001000
000000000000000000000000000010
000000000000000000000100100101
000000000000000000000000000000
000000000000000000001100010010
000000000000000000000000000000
000000000000000000000000010111
000000000000000000000000000001
000000000000000000000000000000
000000000000000000000000001111
000000000000000000000001010100
000000000000000000000000000000
000000000000000000000000001111
000000000000000000000100011000
000000000000000000000000100111
000000000000000000000101000001
000000000000000000000001110000
000000000000000000000000001100
000000000000000000000110111110
000000000000000000000000000001
000000000000000000000000000001
000000000000000000000001110101
000000000000000000000001000101
000000000000000000000110100111
000000000000000000000000000001
000000000000000000000000000001
000000000000000000000000010101
000000000000000000000000011000
000000000000000000000011011100
000000000000000000000000000011
000000000000000000000000000000
000000000000000000000000000000
000000000000000000000101110111
000000000000000000000000000001
000000000000000000000000110010
000000000000000000000000010000
000000000000000000001101000110
000000000000000000000000001000
000000000000000000000000000011
000000000000000000000000000001
000000000000000000000000000110
000000000000000000000000000010
000000000000000000000000000011
000000000000000000000000010000
000000000000000000000000001110
000000000000000000000000001110
000000000000000000000010111010
000000000000000000001110100101
000000000000000000000000000011
000000000000000000000110101011
000000000000000000000001100100
000000000000000000000000000011
000000000000000000000000000110
000000000000000000000000001001
000000000000000000000000001000
000000000000000000000000000000
000000000000000000000010100001
000000000000000000000001010010
000000000000000000000000000001
000000000000000000000000000111
000000000000000000000000001010
000000000000000000000000000111
000000000000000000000000000001
000000000000000000000101001111
000000000000000000000000000111
000000000000000000000000000001
000000000000000000000000110110
000000000000000000000001000001
000000000000000000001001000100
000000000000000000000001011000
000000000000000000000000110011
000000000000000000001001101111
000000000000000000000111101101
000000000000000000000000000000
000000000000000000000000001001
000000000000000000000000000001
000000000000000000000000000000
000000000000000000000111010100
000000000000000000000000000010
000000000000000000000000000100
000000000000000000000000000011
000000000000000000000000001000
000000000000000000000000110111
000000000000000000000000001000
000000000000000000000000000000
000000000000000000000000000110
000000000000000000000000000000
000000000000000000000000000001
000000000000000000000010100100
000000000000000000000110101011
000000000000000000000000001001
000000000000000000000100110011
000000000000000000000000000101
000000000000000000001010100110
000000000000000000000000000001
000000000000000000000000001110
000000000000000000000000000111
000000000000000000000000000110
000000000000000000001100000101
000000000000000000000000001010
000000000000000000000000000011
000000000000000000000001101010
000000000000000000000000000001
000000000000000000000000000000
000000000000000000000000000001
000000000000000000001000111010
000000000000000000000000000001
000000000000000000000010000010
000000000000000000000000001101
000000000000000000000011011110
000000000000000000000001100000
000000000000000000000000000010
000000000000000000000000000011
000000000000000000000000011001
000000000000000000000111101100
000000000000000000000000000001
000000000000000000000011011110
000000000000000000000001011110
000000000000000000000110011010
000000000000000000000000000011
000000000000000000000000000010
000000000000000000000000000000
000000000000000000000000000000
000000000000000000001011110101
000000000000000000000000010100
000000000000000000000000011011
000000000000000000000000001011
000000000000000000000010111101
000000000000000000000010110010
000000000000000000000000001000
000000000000000000000001000100
000000000000000000000000011101
000000000000000000000000001101
000000000000000000000000000010
000000000000000000000000000011
000000000000000000000000000000
000000000000000000000101101000
000000000000000000000001110010
000000000000000000000000111110
000000000000000000000000001111
000000000000000000000000001011
000000000000000000000000101110
000000000000000000000000000000
000000000000000000000000001100
000000000000000000000111001110
000000000000000000000010000110
000000000000000000000100001100
000000000000000000000000010001
000000000000000000000000000010
000000000000000000000000010101
000000000000000000001000000101
000000000000000000000000001011
000000000000000000000000011100
000000000000000000000000000100
000000000000000000000101010000
000000000000000000000000001011
000000000000000000000000111100
000000000000000000000001010001
000000000000000000000000000010
000000000000000000000000110001
000000000000000000000000001111
000000000000000000000111100010
000000000000000000000000010011
000000000000000000000000001111
000000000000000000000001000011
000000000000000000000000000001
000000000000000000000000000000
000000000000000000001101100000
000000000000000000000000000001
000000000000000000000001100000
000000000000000000000000001100
000000000000000000000001010001
000000000000000000000001000100
000000000000000000000001000110
000000000000000000000000101011
000000000000000000000000000000
000000000000000000000000000110
000000000000000000000000000000
000000000000000000000001100100
000000000000000000000111001010
000000000000000000000000101000
000000000000000000000000000000
000000000000000000000000000110
000000000000000000000000000111
000000000000000000000000001101
000000000000000000001101010010
000000000000000000000000000000
000000000000000000000000000011
000000000000000000001000001100
000000000000000000000000111011
000000000000000000000010010000
000000000000000000000000011110
000000000000000000000000000101
000000000000000000000001101000
000000000000000000000000011000
000000000000000000000000010100
000000000000000000000001001110
000000000000000000000000001110
000000000000000000000000110001
000000000000000000000101001010
000000000000000000000001101111
000000000000000000000000000000
000000000000000000000001010110
000000000000000000000000001010
000000000000000000000000100011
000000000000000000000000000010
000000000000000000000001011111
000000000000000000000000011000
000000000000000000000000000000
000000000000000000000001110111
000000000000000000000000001011
000000000000000000000011111010
000000000000000000000000000111
000000000000000000000010100110
000000000000000000000000000001
000000000000000000000001100011
000000000000000000000000000001
000000000000000000000110101100
000000000000000000000000000000
000000000000000000000000000001
000000000000000000000011001100
000000000000000000000000001011
000000000000000000000000010001
000000000000000000000001101001
000000000000000000000000000010
000000000000000000000000000110
000000000000000000000000010110
000000000000000000000000000110
000000000000000000000000000001
000000000000000000000000111000
000000000000000000000000000011
000000000000000000001101110110
000000000000000000000000000001
000000000000000000000000000000
000000000000000000000000000010
000000000000000000000000010011
000000000000000000000000001000
000000000000000000000000000010
000000000000000000000001100101
000000000000000000000000000100
