1000 1000
348 554
874 554
161 875
164 554
875 979
554 889
889 972
979 972
972 864
521 432
950 891
432 301
864 25
60 760
25 171
891 171
301 239
711 239
760 974
171 598
239 598
974 710
26 710
598 93
93 220
710 857
857 226
80 688
688 355
220 355
226 292
292 892
355 892
607 120
7 363
71 464
892 434
120 363
464 434
363 302
434 278
278 623
245 330
302 623
257 623
623 330
600 533
330 533
413 533
79 533
533 686
686 70
70 196
74 852
852 942
258 168
196 168
168 516
942 635
516 924
424 347
635 944
905 347
647 347
924 944
347 565
944 574
565 986
574 986
986 742
27 742
295 816
816 742
770 321
742 938
433 321
321 579
938 262
262 861
552 861
861 579
579 21
378 406
48 259
406 558
21 259
303 947
259 260
558 260
700 671
671 736
947 606
260 503
503 228
736 720
228 999
606 43
32 43
999 747
720 43
747 730
43 412
730 478
428 412
536 109
478 109
412 510
735 360
644 109
109 427
360 642
510 486
590 427
427 486
642 943
240 486
486 113
113 407
407 197
943 197
935 261
197 685
472 99
261 685
685 30
99 340
340 588
825 588
588 30
30 367
367 634
487 560
293 643
897 576
634 637
560 643
643 215
576 215
637 855
855 215
593 527
215 527
709 176
520 13
527 13
176 937
13 937
299 779
779 92
92 757
937 757
757 980
922 798
958 980
829 798
980 798
458 110
798 505
505 616
616 110
110 978
586 369
859 381
369 312
381 49
978 547
20 49
408 547
312 984
49 783
547 783
827 518
929 518
984 988
783 988
518 349
995 630
988 349
385 154
930 443
349 443
630 492
443 405
154 492
384 492
405 969
492 745
969 952
147 952
335 744
745 744
122 847
952 847
744 966
621 707
707 966
847 371
244 966
966 717
241 959
371 392
392 867
959 717
717 359
867 556
359 556
556 94
94 659
387 124
459 85
124 659
659 435
46 435
435 190
85 65
190 202
765 270
743 172
65 270
202 172
270 913
913 771
172 296
296 767
767 640
877 354
771 640
597 382
640 354
354 382
912 47
382 97
454 97
97 820
47 820
820 336
457 402
336 658
658 144
402 318
52 318
144 750
727 750
570 343
318 466
343 750
750 466
466 761
761 14
376 447
447 996
14 440
845 996
440 627
996 627
546 627
298 823
158 41
627 956
823 474
956 474
41 379
474 379
379 177
755 177
177 530
9 308
308 977
692 530
530 977
596 568
977 662
662 568
641 753
568 230
204 73
73 230
753 66
230 690
451 205
205 791
791 66
66 832
690 569
569 525
832 869
602 869
525 815
50 414
192 414
869 414
815 553
53 553
414 594
129 639
594 553
553 126
639 608
468 608
126 577
577 809
608 279
279 467
809 532
102 390
86 467
532 467
467 733
582 390
390 733
61 667
733 563
673 740
471 740
740 563
667 460
563 342
436 342
460 96
342 906
906 865
865 499
96 932
542 932
682 932
499 954
932 954
954 128
128 415
514 837
559 968
837 166
415 880
166 880
968 880
217 853
920 853
880 933
853 933
788 453
224 933
933 453
453 716
728 515
509 759
716 849
759 849
515 430
849 251
152 620
430 365
418 251
365 620
251 964
620 100
916 940
940 100
964 8
100 726
991 724
148 726
8 766
724 504
726 766
456 766
766 391
265 391
504 834
495 352
425 352
391 834
329 834
834 580
352 341
341 580
622 580
580 963
660 863
507 631
337 320
863 963
963 422
422 605
631 605
320 550
605 243
243 550
181 550
441 919
550 539
182 539
609 583
919 557
449 191
539 583
191 4
583 366
557 35
4 35
366 540
35 540
540 277
488 277
883 666
666 417
277 328
328 140
564 848
417 654
271 684
848 674
140 674
674 654
654 684
684 95
218 383
858 95
383 294
125 273
95 555
665 555
273 522
294 555
522 805
555 732
23 678
805 678
732 992
268 253
992 826
678 116
253 116
738 826
826 222
455 670
116 534
670 561
222 661
534 839
661 839
900 561
561 839
227 814
839 263
263 209
524 814
209 971
814 971
411 884
884 231
971 846
231 846
782 890
890 45
846 45
45 101
629 18
18 101
193 223
633 426
101 545
426 936
936 545
223 701
701 214
545 876
214 998
876 934
5 934
998 773
713 681
934 105
993 773
105 681
773 6
681 6
6 484
484 990
990 225
831 117
225 117
117 970
970 431
1 483
483 446
856 702
431 702
55 712
446 702
702 712
712 664
233 951
951 796
664 796
290 796
895 796
211 796
796 989
24 123
162 123
42 490
179 123
989 123
123 389
234 389
490 807
389 772
772 473
994 946
807 946
746 511
754 310
473 29
946 723
310 723
511 953
953 29
29 851
723 289
851 350
872 187
187 289
357 774
289 774
350 808
808 370
774 338
180 811
687 370
811 165
370 38
338 174
38 165
165 362
174 903
362 497
903 786
506 965
497 494
786 208
965 87
208 494
494 718
562 87
87 824
718 333
824 58
58 481
143 481
333 83
624 481
481 141
587 611
611 3
83 813
351 813
141 68
3 68
813 548
548 585
229 68
68 297
297 575
585 57
327 57
31 247
57 575
575 195
925 399
247 444
195 541
873 541
541 89
399 36
444 250
36 89
89 54
250 156
358 54
54 332
156 198
615 198
332 221
649 493
198 878
134 493
493 132
221 275
275 878
878 785
531 785
132 894
894 219
500 219
785 945
151 945
219 923
252 945
945 923
923 695
722 695
961 695
235 695
695 528
749 419
461 480
480 344
528 238
238 212
419 482
212 669
344 439
439 669
482 669
669 307
469 307
650 307
526 651
663 307
307 651
651 804
698 242
804 882
242 800
957 882
731 800
882 800
800 150
395 653
477 249
775 185
249 150
150 653
653 881
803 881
185 578
645 881
186 578
881 416
578 420
69 502
416 502
237 420
502 420
420 704
592 997
704 207
997 281
207 614
617 157
612 741
281 741
157 614
614 309
741 475
309 691
475 691
255 691
691 304
28 72
917 931
931 304
304 672
672 795
72 795
470 361
448 795
795 501
305 201
361 941
501 693
137 317
693 201
201 941
941 810
317 810
17 810
537 648
648 34
810 479
599 374
34 374
479 603
374 139
280 139
139 410
603 777
899 748
973 256
410 206
739 777
777 748
748 339
256 806
206 806
694 806
619 628
339 898
806 714
248 628
714 898
628 898
898 591
107 476
146 476
104 591
398 476
591 324
476 324
584 626
324 626
719 189
626 189
595 189
189 752
529 752
394 567
567 64
752 199
200 114
64 909
909 817
781 114
199 114
114 78
939 836
817 78
178 985
78 985
16 914
836 985
173 283
985 729
283 914
914 638
323 638
729 59
981 652
638 652
652 489
59 784
489 784
269 886
870 784
142 818
784 860
818 843
886 843
153 130
130 843
860 325
843 325
44 572
572 519
325 850
850 519
888 319
319 311
519 12
112 404
812 163
311 12
12 159
404 163
163 393
833 715
159 194
393 51
902 715
715 254
254 210
194 762
51 210
210 388
288 762
625 284
762 284
236 284
388 284
284 266
703 82
63 538
160 82
266 82
538 697
82 697
409 764
819 188
697 282
133 188
764 62
282 15
188 62
15 960
802 960
62 763
763 960
485 373
960 331
331 285
264 11
373 11
285 544
683 380
11 380
380 356
544 356
145 287
896 987
356 838
987 287
287 893
982 893
838 893
438 893
911 549
893 549
835 463
725 737
549 737
689 737
655 737
463 737
737 326
169 213
326 213
780 121
121 396
768 396
213 67
396 91
437 91
67 272
272 91
91 2
246 368
787 517
841 368
115 517
2 368
368 976
517 976
551 535
679 706
535 854
976 706
778 322
706 610
854 610
33 918
610 601
322 601
879 601
918 56
423 566
601 56
566 56
56 286
983 646
646 887
907 286
286 138
887 543
138 498
868 77
543 498
77 512
400 512
498 375
512 81
403 37
40 119
81 119
375 119
37 300
300 866
119 170
821 184
632 790
790 313
866 75
170 291
184 75
75 465
313 316
291 462
316 871
871 928
465 462
462 364
928 364
613 346
364 708
203 708
708 910
346 452
618 377
910 948
377 581
513 452
452 581
450 314
948 496
581 10
680 108
314 496
496 949
949 1000
10 675
108 136
1000 136
675 793
696 491
793 491
136 39
491 39
789 155
915 401
401 19
39 155
756 155
155 571
571 19
19 677
135 183
175 589
589 315
677 267
88 267
183 801
901 751
315 801
267 908
751 676
801 676
668 908
908 842
676 111
842 111
334 734
106 794
111 523
926 734
734 962
794 573
573 656
523 792
962 904
797 792
792 386
656 799
904 967
386 799
967 397
799 22
636 149
705 844
22 149
397 445
149 844
445 127
844 76
127 76
274 98
76 830
98 955
604 442
830 828
442 840
955 927
927 306
840 232
828 421
421 921
921 758
306 232
232 131
776 84
885 721
758 721
131 862
84 822
721 862
822 372
862 769
699 769
118 216
276 508
372 216
769 508
508 345
216 167
103 90
167 90
345 657
657 90
90 429
429 975
975 353
851 640 0
149 411 0
146 213 0
978 170 0
815 107 0
175 114 0
933 581 0
337 190 0
585 210 0
808 289 0
198 726 0
353 816 0
146 23 0
171 746 0
47 889 0
794 111 0
947 826 0
119 846 0
905 375 0
710 110 0
245 741 0
295 390 0
835 849 0
302 316 0
825 616 0
611 730 0
88 752 0
178 676 0
623 149 0
988 860 0
32 116 0
964 135 0
290 180 0
570 893 0
45 520 0
356 428 0
89 503 0
688 877 0
615 596 0
540 894 0
182 654 0
246 166 0
247 816 0
572 4 0
642 882 0
974 689 0
447 15 0
782 297 0
189 709 0
415 982 0
191 265 0
27 990 0
170 200 0
891 152 0
872 646 0
531 402 0
872 451 0
756 374 0
659 73 0
232 200 0
89 735 0
201 705 0
770 825 0
738 31 0
918 142 0
53 139 0
510 112 0
707 2 0
896 176 0
439 917 0
622 712 0
892 26 0
327 671 0
994 680 0
69 904 0
741 998 0
374 171 0
318 13 0
259 10 0
24 993 0
916 790 0
507 276 0
682 392 0
453 99 0
915 184 0
860 287 0
58 257 0
230 69 0
636 570 0
1 398 0
876 935 0
971 976 0
23 582 0
35 27 0
625 171 0
550 181 0
615 548 0
820 823 0
587 430 0
368 790 0
43 150 0
875 603 0
538 353 0
857 483 0
238 925 0
218 87 0
176 541 0
851 813 0
271 200 0
243 389 0
301 483 0
566 557 0
527 83 0
29 982 0
194 307 0
212 989 0
465 708 0
779 458 0
552 176 0
325 748 0
517 878 0
100 652 0
961 938 0
19 373 0
411 770 0
771 618 0
589 650 0
271 832 0
133 944 0
520 720 0
382 184 0
33 215 0
532 553 0
524 133 0
819 959 0
771 49 0
969 207 0
911 291 0
207 862 0
885 289 0
853 403 0
452 947 0
619 976 0
625 543 0
360 437 0
204 61 0
543 148 0
824 860 0
644 854 0
406 163 0
884 237 0
690 633 0
211 752 0
100 734 0
379 402 0
320 7 0
772 731 0
231 310 0
582 165 0
829 880 0
584 937 0
537 966 0
773 464 0
632 188 0
690 178 0
17 469 0
281 778 0
274 332 0
505 591 0
290 892 0
564 885 0
253 801 0
752 210 0
579 5 0
846 42 0
609 325 0
886 748 0
375 233 0
593 338 0
393 368 0
493 517 0
958 177 0
972 582 0
19 979 0
294 446 0
753 493 0
994 751 0
443 767 0
625 185 0
977 664 0
12 22 0
399 589 0
769 838 0
519 1000 0
922 44 0
979 607 0
461 975 0
700 153 0
205 770 0
118 580 0
191 212 0
881 914 0
294 745 0
290 599 0
376 287 0
255 285 0
623 641 0
623 152 0
497 272 0
176 347 0
40 197 0
559 713 0
706 952 0
251 988 0
402 933 0
10 921 0
461 321 0
643 474 0
215 945 0
906 563 0
604 564 0
535 334 0
103 660 0
607 87 0
390 257 0
274 184 0
995 477 0
3 254 0
117 553 0
796 266 0
637 71 0
295 937 0
777 910 0
549 725 0
445 633 0
867 706 0
125 536 0
416 98 0
228 966 0
897 225 0
480 265 0
365 769 0
644 93 0
657 679 0
628 593 0
861 860 0
453 720 0
173 181 0
290 994 0
986 755 0
672 304 0
526 468 0
347 124 0
307 401 0
135 735 0
36 518 0
200 144 0
850 245 0
329 956 0
809 147 0
1 584 0
344 121 0
746 57 0
613 300 0
497 885 0
463 405 0
64 103 0
274 546 0
623 439 0
694 883 0
830 31 0
288 614 0
877 855 0
696 636 0
93 42 0
977 162 0
244 927 0
901 801 0
116 313 0
510 542 0
124 303 0
717 938 0
6 837 0
639 499 0
664 761 0
635 945 0
331 974 0
670 770 0
895 293 0
999 263 0
509 207 0
859 4 0
347 548 0
586 84 0
460 736 0
120 451 0
677 504 0
965 322 0
433 882 0
22 671 0
286 786 0
489 882 0
126 917 0
149 873 0
743 10 0
623 436 0
203 948 0
390 714 0
840 617 0
57 602 0
497 382 0
587 147 0
835 969 0
118 461 0
849 94 0
765 678 0
841 907 0
153 686 0
277 107 0
917 403 0
283 134 0
537 13 0
397 656 0
83 859 0
194 294 0
905 60 0
123 196 0
280 175 0
87 193 0
744 556 0
951 569 0
574 800 0
274 122 0
505 765 0
922 1000 0
350 72 0
829 450 0
724 841 0
198 595 0
232 887 0
169 745 0
498 921 0
994 1 0
694 302 0
231 785 0
940 278 0
898 628 0
312 606 0
632 410 0
259 408 0
484 789 0
112 665 0
708 621 0
984 937 0
347 621 0
119 246 0
62 76 0
180 714 0
895 861 0
429 960 0
173 983 0
681 595 0
26 718 0
268 255 0
627 112 0
14 22 0
683 881 0
468 532 0
713 663 0
582 860 0
182 174 0
143 865 0
576 150 0
624 13 0
249 480 0
341 326 0
480 933 0
119 235 0
319 215 0
256 75 0
379 397 0
947 543 0
944 108 0
721 395 0
811 9 0
28 986 0
925 471 0
480 543 0
471 431 0
349 236 0
536 515 0
207 174 0
816 354 0
230 399 0
345 983 0
334 283 0
993 130 0
8 556 0
42 286 0
191 974 0
266 849 0
180 163 0
147 823 0
587 144 0
219 319 0
11 726 0
949 197 0
938 754 0
862 558 0
343 758 0
857 231 0
190 566 0
476 302 0
559 227 0
993 663 0
311 91 0
454 905 0
13 655 0
69 631 0
455 588 0
404 919 0
739 475 0
326 470 0
310 841 0
1 386 0
968 688 0
726 574 0
110 492 0
708 722 0
423 142 0
869 1000 0
576 764 0
175 728 0
512 239 0
85 93 0
132 564 0
443 918 0
828 484 0
677 694 0
467 92 0
137 381 0
491 277 0
224 44 0
680 629 0
394 436 0
136 4 0
335 416 0
826 296 0
694 391 0
467 130 0
881 363 0
146 991 0
919 724 0
822 568 0
433 278 0
666 922 0
422 799 0
120 958 0
216 738 0
59 546 0
172 142 0
299 454 0
925 391 0
901 928 0
794 732 0
384 992 0
564 232 0
10 733 0
536 562 0
889 135 0
891 813 0
514 459 0
233 424 0
661 578 0
925 974 0
831 697 0
932 583 0
439 370 0
482 918 0
713 610 0
747 593 0
895 26 0
587 92 0
250 590 0
823 407 0
693 409 0
194 187 0
555 367 0
481 912 0
972 105 0
95 258 0
516 172 0
849 464 0
804 34 0
955 652 0
631 480 0
578 581 0
734 23 0
344 496 0
325 491 0
483 787 0
355 807 0
229 992 0
702 358 0
902 640 0
556 91 0
654 853 0
875 19 0
740 415 0
458 686 0
305 537 0
734 769 0
845 537 0
55 535 0
233 427 0
280 115 0
812 862 0
234 551 0
423 869 0
265 441 0
640 327 0
37 681 0
530 912 0
483 92 0
371 302 0
106 732 0
717 101 0
158 437 0
222 475 0
249 818 0
472 317 0
236 214 0
802 440 0
274 283 0
557 945 0
798 503 0
896 461 0
864 186 0
940 410 0
148 793 0
88 292 0
411 982 0
974 56 0
696 845 0
620 61 0
292 144 0
869 854 0
826 52 0
518 218 0
956 715 0
113 748 0
844 448 0
941 475 0
836 582 0
627 787 0
935 209 0
842 194 0
429 323 0
261 931 0
891 768 0
712 902 0
864 818 0
406 831 0
97 206 0
70 363 0
166 357 0
50 518 0
548 861 0
327 320 0
873 765 0
935 195 0
882 212 0
210 822 0
464 211 0
592 845 0
591 854 0
1 71 0
238 399 0
717 751 0
690 419 0
580 35 0
146 979 0
544 608 0
452 820 0
846 20 0
183 944 0
145 74 0
103 779 0
142 754 0
581 942 0
865 278 0
932 7 0
159 527 0
333 623 0
961 462 0
123 195 0
984 635 0
80 628 0
859 553 0
470 447 0
355 239 0
39 374 0
583 633 0
645 708 0
448 213 0
843 741 0
151 223 0
938 996 0
330 813 0
885 739 0
771 772 0
686 999 0
400 265 0
206 480 0
708 297 0
321 285 0
700 986 0
63 847 0
419 967 0
973 105 0
487 647 0
498 671 0
578 159 0
802 652 0
490 428 0
878 721 0
185 705 0
954 973 0
886 95 0
590 640 0
106 952 0
614 103 0
323 403 0
353 859 0
749 628 0
78 298 0
20 409 0
482 188 0
339 22 0
899 695 0
72 729 0
753 707 0
957 358 0
335 455 0
673 341 0
591 939 0
941 943 0
787 972 0
432 860 0
293 251 0
851 656 0
304 685 0
221 538 0
988 820 0
569 708 0
958 957 0
283 678 0
725 425 0
534 290 0
462 660 0
761 289 0
97 185 0
710 733 0
266 611 0
577 13 0
745 230 0
535 372 0
875 180 0
212 82 0
191 96 0
332 561 0
465 151 0
267 762 0
122 673 0
853 934 0
742 573 0
151 693 0
237 82 0
179 802 0
722 791 0
672 180 0
623 820 0
80 871 0
79 590 0
633 737 0
99 527 0
940 710 0
918 347 0
825 301 0
624 229 0
824 104 0
807 816 0
722 416 0
537 687 0
78 798 0
940 637 0
220 323 0
86 693 0
702 9 0
909 603 0
778 16 0
424 889 0
642 802 0
980 260 0
27 887 0
976 948 0
561 874 0
777 959 0
234 866 0
359 990 0
526 306 0
998 223 0
478 97 0
222 514 0
738 163 0
172 844 0
113 86 0
351 871 0
740 893 0
555 23 0
563 17 0
569 854 0
103 467 0
397 41 0
103 731 0
950 993 0
76 629 0
98 500 0
652 230 0
128 489 0
762 547 0
340 176 0
468 579 0
471 767 0
668 168 0
724 693 0
225 642 0
843 788 0
899 723 0
138 223 0
793 60 0
543 976 0
438 943 0
135 468 0
8 739 0
547 821 0
288 899 0
221 815 0
310 607 0
792 163 0
730 450 0
565 231 0
91 258 0
959 668 0
59 747 0
336 127 0
73 540 0
329 113 0
110 664 0
78 735 0
393 759 0
631 3 0
300 714 0
808 273 0
396 147 0
378 458 0
228 155 0
336 172 0
491 993 0
123 920 0
857 266 0
983 379 0
942 403 0
188 814 0
500 377 0
237 486 0
16 538 0
764 877 0
308 273 0
388 758 0
672 486 0
942 5 0
652 515 0
53 349 0
448 688 0
193 984 0
276 672 0
784 786 0
152 458 0
72 662 0
870 153 0
110 432 0
139 860 0
635 473 0
178 655 0
9 375 0
721 440 0
954 970 0
425 362 0
34 712 0
522 774 0
856 890 0
717 229 0
665 93 0
128 687 0
277 121 0
990 456 0
120 173 0
380 38 0
218 762 0
957 244 0
136 691 0
311 225 0
433 243 0
499 929 0
889 215 0
329 387 0
617 648 0
570 202 0
740 394 0
861 380 0
348 8 0
171 54 0
588 542 0
290 678 0
307 701 0
629 432 0
223 626 0
378 714 0
136 863 0
659 399 0
993 865 0
894 71 0
858 649 0
525 270 0
345 971 0
999 577 0
572 498 0
133 604 0
768 313 0
373 382 0
774 843 0
763 595 0
744 397 0
923 833 0
257 599 0
320 540 0
770 671 0
544 19 0
917 741 0
685 353 0
950 271 0
358 28 0
965 463 0
828 273 0
862 24 0
950 166 0
641 277 0
285 718 0
739 923 0
705 633 0
322 794 0
802 113 0
725 295 0
663 662 0
594 996 0
507 595 0
893 743 0
771 255 0
704 255 0
977 661 0
821 339 0
404 524 0
190 202 0
413 232 0
910 540 0
492 863 0
989 799 0
929 829 0
336 91 0
972 16 0
975 151 0
789 260 0
933 777 0
580 425 0
859 107 0
299 592 0
558 24 0
287 938 0
444 699 0
251 529 0
891 992 0
868 629 0
378 785 0
846 752 0
749 842 0
277 978 0
574 349 0
885 973 0
63 303 0
139 50 0
608 65 0
514 475 0
151 33 0
103 543 0
451 382 0
957 169 0
737 903 0
186 625 0
87 157 0
376 114 0
156 260 0
716 98 0
246 670 0
114 709 0
505 232 0
688 178 0
663 540 0
630 437 0
618 845 0
997 299 0
652 509 0
461 185 0
320 498 0
565 189 0
6 973 0
71 99 0
579 58 0
25 274 0
967 379 0
821 789 0
901 261 0
985 322 0
382 113 0
256 62 0
94 236 0
936 455 0
142 463 0
386 544 0
512 96 0
645 609 0
430 160 0
115 708 0
516 427 0
586 697 0
305 611 0
756 835 0
594 68 0
968 9 0
599 785 0
279 534 0
492 862 0
64 562 0
129 557 0
252 694 0
130 514 0
546 395 0
248 134 0
932 468 0
38 783 0
657 448 0
61 630 0
961 113 0
48 631 0
812 39 0
497 605 0
843 382 0
706 732 0
709 108 0
301 581 0
396 140 0
517 726 0
501 477 0
882 535 0
603 683 0
465 846 0
925 893 0
322 108 0
243 422 0
896 174 0
53 405 0
780 804 0
421 21 0
938 149 0
424 869 0
811 617 0
208 200 0
841 302 0
213 726 0
862 708 0
783 234 0
230 625 0
54 754 0
600 5 0
467 82 0
721 615 0
564 746 0
225 550 0
675 627 0
499 185 0
