100 40
20 902
38 909
53 896
29 894
52 895
34 901
44 901
85 906
58 902
91 890
27 903
35 910
76 901
61 892
19 890
80 906
51 893
91 908
55 897
52 908
41 897
51 901
37 906
75 893
67 910
41 898
75 909
30 900
56 891
85 901
58 907
56 905
55 910
15 890
70 903
49 904
22 890
72 908
112 893
18 897
65 892
64 892
6 910
59 899
84 896
62 907
43 902
35 906
72 895
64 903
19 894
70 893
69 903
20 900
26 904
67 903
70 890
86 890
24 893
28 894
11 891
65 896
83 895
10 904
51 897
46 905
70 909
34 896
52 907
34 897
6 902
55 905
92 893
56 890
105 896
64 901
43 903
74 907
33 892
76 899
58 905
69 897
35 901
23 908
50 909
57 890
70 907
63 904
44 895
71 890
33 901
57 897
25 909
72 898
41 902
73 900
40 898
88 909
47 899
55 892
